Administracion,Area,Banos,Barrio,Ciudad,ExtractionDate,Habitaciones,Latitud,Longitud,Parqueaderos,Precio,ScreenshotPath,SitioWeb
1072000.0,262.0,4.0,El Campestre,Medellín,2022-08-28,4.0,6.182208,-75.572172,3.0,900000000.0,Images/205820.jpeg,https://www.redinmobiliariamls.com/medellin/el-campestre/1/205820
502000.0,152.73,2.0,Loma de los Parra,Medellín,2022-08-28,2.0,6.202229,-75.565499,2.0,1200000000.0,Images/211264.jpeg,https://www.redinmobiliariamls.com/medellin/loma-de-los-parra/1/211264
583000.0,217.39,3.0,Provenza,Medellín,2022-08-28,4.0,6.206645,-75.566711,3.0,850000000.0,Images/211597.jpeg,https://www.redinmobiliariamls.com/medellin/provenza/1/211597
204600.0,79.64,2.0,Niquia,Bello,2022-08-28,3.0,6.336838,-75.543515,1.0,320000000.0,Images/211607.jpeg,https://www.redinmobiliariamls.com/bello/niquia/1/211607
687000.0,160.0,3.0,San Lucas,Medellín,2022-08-28,3.0,6.20161,-75.559673,2.0,750000000.0,Images/211717.jpeg,https://www.redinmobiliariamls.com/medellin/san-lucas/1/211717
1160602.0,228.0,3.0,El Tesoro,Medellín,2022-08-28,3.0,6.202325,-75.559941,2.0,1870000000.0,Images/212023.jpeg,https://www.redinmobiliariamls.com/medellin/el-tesoro/1/212023
100000.0,55.7,2.0,Bellavista,Bello,2022-08-28,3.0,6.348227,-75.568277,0.0,150000000.0,Images/212517.jpeg,https://www.redinmobiliariamls.com/bello/bellavista/1/212517
200000.0,92.0,2.0,La Aldea,La Estrella,2022-08-28,3.0,6.140197,-75.635441,1.0,335000000.0,Images/213046.jpeg,https://www.redinmobiliariamls.com/la-estrella/la-aldea/1/213046
520000.0,234.0,3.0,Bosques de Zuñiga,Envigado,2022-08-28,3.0,6.184447,-75.580134,2.0,705000000.0,Images/213451.jpeg,https://www.redinmobiliariamls.com/envigado/bosques-de-zuniga/1/213451
1600000.0,410.0,4.0,El Campestre,Medellín,2022-08-28,4.0,6.187965,-75.574623,3.0,1300000000.0,Images/213532.jpeg,https://www.redinmobiliariamls.com/medellin/el-campestre/1/213532
526000.0,161.99,2.0,Transversal Intermedia,Envigado,2022-08-28,2.0,6.176616,-75.567521,2.0,920000000.0,Images/213540.jpeg,https://www.redinmobiliariamls.com/envigado/transversal-intermedia/1/213540
1262000.0,228.0,3.0,La Concha,Medellín,2022-08-28,3.0,6.208906,-75.558796,2.0,600000000.0,Images/213544.jpeg,https://www.redinmobiliariamls.com/medellin/la-concha/1/213544
1050000.0,305.0,4.0,La Concha,Medellín,2022-08-28,4.0,6.256602,-75.575637,3.0,1800000000.0,Images/214205.jpeg,https://www.redinmobiliariamls.com/medellin/la-concha/1/214205
,207.0,4.0,Guayabal,Medellín,2022-08-28,7.0,6.19672,-75.59025,0.0,750000000.0,Images/214261.jpeg,https://www.redinmobiliariamls.com/medellin/guayabal/1/214261
190000.0,56.0,1.0,Urbano,San Jerónimo,2022-08-28,1.0,6.256602,-75.575637,1.0,239000000.0,Images/214407.jpeg,https://www.redinmobiliariamls.com/san-jeronimo/urbano/1/214407
,163.0,2.0,Calasanz,Medellín,2022-08-28,3.0,6.26033,-75.598259,1.0,440000000.0,Images/214481.jpeg,https://www.redinmobiliariamls.com/medellin/calasanz/1/214481
,77.37,2.0,Las Vegas,Sabaneta,2022-08-28,3.0,6.152356,-75.624825,1.0,360000000.0,Images/214513.jpeg,https://www.redinmobiliariamls.com/sabaneta/las-vegas/1/214513
706000.0,197.0,3.0,Santa Maria de los Angeles,Medellín,2022-08-28,3.0,6.193817,-75.57809,2.0,590000000.0,Images/214651.jpeg,https://www.redinmobiliariamls.com/medellin/santa-maria-de-los-angeles/1/214651
340000.0,146.0,3.0,Urbano,San Jerónimo,2022-08-28,3.0,6.256602,-75.575637,3.0,390000000.0,Images/214736.jpeg,https://www.redinmobiliariamls.com/san-jeronimo/urbano/1/214736
182385.0,105.0,2.0,Las Vegas,Sabaneta,2022-08-28,3.0,6.256602,-75.575637,1.0,360000000.0,Images/214755.jpeg,https://www.redinmobiliariamls.com/sabaneta/las-vegas/1/214755
980000.0,252.25,5.0,Alejandría,Medellín,2022-08-28,4.0,6.199753,-75.569909,3.0,1100000000.0,Images/214970.jpeg,https://www.redinmobiliariamls.com/medellin/alejandria/1/214970
1230000.0,295.0,5.0,Castropol,Medellín,2022-08-28,4.0,6.213393,-75.564936,3.0,1300000000.0,Images/215232.jpeg,https://www.redinmobiliariamls.com/medellin/castropol/1/215232
750000.0,250.0,3.0,La Calera,Medellín,2022-08-28,3.0,6.199765,-75.554765,2.0,1350000000.0,Images/215260.jpeg,https://www.redinmobiliariamls.com/medellin/la-calera/1/215260
3100000.0,729.0,7.0,El Tesoro,Medellín,2022-08-28,6.0,6.190718,-75.554562,6.0,3000000000.0,Images/215327.jpeg,https://www.redinmobiliariamls.com/medellin/el-tesoro/1/215327
30000.0,83.0,2.0,La Magnolia,Envigado,2022-08-09,3.0,6.174264,-75.583696,1.0,290000000.0,Images/215945.jpeg,https://www.redinmobiliariamls.com/envigado/la-magnolia/1/215945
340000.0,93.0,2.0,Loma de San Julian,Medellín,2022-08-28,3.0,6.224773,-75.565854,1.0,380000000.0,Images/215993.jpeg,https://www.redinmobiliariamls.com/medellin/loma-de-san-julian/1/215993
293000.0,108.1,2.0,El Trapiche,Sabaneta,2022-08-28,3.0,6.148363,-75.621557,1.0,500000000.0,Images/216054.jpeg,https://www.redinmobiliariamls.com/sabaneta/el-trapiche/1/216054
245000.0,86.8,2.0,Loma de Cumbres,Envigado,2022-08-28,3.0,6.171617,-75.573762,1.0,480000000.0,Images/216136.jpeg,https://www.redinmobiliariamls.com/envigado/loma-de-cumbres/1/216136
,76.0,2.0,Camino Verde,Envigado,2022-08-09,3.0,6.150545,-75.575897,1.0,410000000.0,Images/216328.jpeg,https://www.redinmobiliariamls.com/envigado/camino-verde/1/216328
,73.75,2.0,Cabañas,Bello,2022-08-28,3.0,6.315321,-75.564534,0.0,240000000.0,Images/216404.jpeg,https://www.redinmobiliariamls.com/bello/cabanas/1/216404
398000.0,110.0,1.0,Loma de los Parra,Medellín,2022-08-28,1.0,6.256602,-75.575637,2.0,650000000.0,Images/216601.jpeg,https://www.redinmobiliariamls.com/medellin/loma-de-los-parra/1/216601
508000.0,146.0,2.0,Loma de los Parra,Medellín,2022-08-28,2.0,6.256602,-75.575637,2.0,790000000.0,Images/216603.jpeg,https://www.redinmobiliariamls.com/medellin/loma-de-los-parra/1/216603
778000.0,157.0,2.0,Los Naranjos,Medellín,2022-08-28,3.0,6.264358,-75.543283,2.0,600000000.0,Images/216880.jpeg,https://www.redinmobiliariamls.com/medellin/los-naranjos/1/216880
1847132.0,406.44,3.0,La Concha,Medellín,2022-08-28,3.0,6.209854,-75.562208,4.0,3300000000.0,Images/216885.jpeg,https://www.redinmobiliariamls.com/medellin/la-concha/1/216885
,117.6,2.0,Alto de las Palmas ,Medellín,2022-08-28,2.0,6.195476,-75.547088,2.0,871400000.0,Images/216948.jpeg,https://www.redinmobiliariamls.com/medellin/alto-de-las-palmas-/1/216948
170000.0,110.0,2.0,Rosales,Medellín,2022-08-28,3.0,6.234191,-75.590574,1.0,450000000.0,Images/217154.jpeg,https://www.redinmobiliariamls.com/medellin/rosales/1/217154
553000.0,268.0,3.0,Santa Teresita,Medellín,2022-08-28,4.0,6.251643,-75.592694,1.0,620000000.0,Images/217160.jpeg,https://www.redinmobiliariamls.com/medellin/santa-teresita/1/217160
808700.0,265.0,4.0,Alejandría,Medellín,2022-08-28,3.0,6.201123,-75.568703,2.0,1100000000.0,Images/217579.jpeg,https://www.redinmobiliariamls.com/medellin/alejandria/1/217579
880000.0,320.0,4.0,Los Balsos Nº 2,Medellín,2022-08-28,3.0,6.187807,-75.564668,3.0,1410000000.0,Images/217592.jpeg,https://www.redinmobiliariamls.com/medellin/los-balsos-n-2/1/217592
,55.0,2.0,Niquia,Bello,2022-08-28,2.0,6.342115,-75.551616,0.0,193491230.0,Images/217982.jpeg,https://www.redinmobiliariamls.com/bello/niquia/1/217982
1300000.0,284.0,5.0,El Tesoro,Medellín,2022-08-28,4.0,6.199804,-75.561899,3.0,980000000.0,Images/218134.jpeg,https://www.redinmobiliariamls.com/medellin/el-tesoro/1/218134
95000.0,54.0,2.0,La Doctora,Sabaneta,2022-08-28,2.0,6.144098,-75.607955,1.0,300000000.0,Images/218336.jpeg,https://www.redinmobiliariamls.com/sabaneta/la-doctora/1/218336
280000.0,92.3,2.0,V. Las Lomitas,Sabaneta,2022-08-28,3.0,6.150558,-75.616819,2.0,490000000.0,Images/218576.jpeg,https://www.redinmobiliariamls.com/sabaneta/v-las-lomitas/1/218576
50000.0,81.0,2.0,El Portal,Envigado,2022-08-28,3.0,6.256602,-75.575637,1.0,350000000.0,Images/218723.jpeg,https://www.redinmobiliariamls.com/envigado/el-portal/1/218723
170000.0,65.0,2.0,Santa Ana,Bello,2022-08-28,3.0,6.325898,-75.564262,1.0,295000000.0,Images/218982.jpeg,https://www.redinmobiliariamls.com/bello/santa-ana/1/218982
,243.0,4.0,El Campestre,Medellín,2022-08-28,4.0,6.184431,-75.567134,3.0,890000000.0,Images/219288.jpeg,https://www.redinmobiliariamls.com/medellin/el-campestre/1/219288
900000.0,327.5,1.0,La Florida,Medellín,2022-08-28,4.0,6.205227,-75.569631,2.0,1200000000.0,Images/219379.jpeg,https://www.redinmobiliariamls.com/medellin/la-florida/1/219379
332000.0,77.8,2.0,Las Antillas,Envigado,2022-08-28,3.0,6.155532,-75.585065,,368000000.0,Images/219432.jpeg,https://www.redinmobiliariamls.com/envigado/las-antillas/1/219432
1106092.0,300.7,3.0,Los Balsos Nº 1,Medellín,2022-08-28,3.0,6.191126,-75.559534,3.0,1250000000.0,Images/219734.jpeg,https://www.redinmobiliariamls.com/medellin/los-balsos-n-1/1/219734
664000.0,199.0,3.0,El Poblado,Medellín,2022-08-28,3.0,6.188535,-75.566114,2.0,1195000000.0,Images/219761.jpeg,https://www.redinmobiliariamls.com/medellin/el-poblado/1/219761
350000.0,115.5,3.0,Loma de los Mesa,Envigado,2022-08-28,3.0,6.169568,-75.568556,2.0,640000000.0,Images/219882.jpeg,https://www.redinmobiliariamls.com/envigado/loma-de-los-mesa/1/219882
187872.0,78.28,2.0,Machado,Copacabana,2022-08-28,3.0,6.256602,-75.575637,1.0,257100000.0,Images/219888.jpeg,https://www.redinmobiliariamls.com/copacabana/machado/1/219888
,83.0,2.0,V. Guayabal,Coveñas,2022-08-28,3.0,9.402367,-75.680419,1.0,250000000.0,Images/219911.jpeg,https://www.redinmobiliariamls.com/covenas/v-guayabal/1/219911
656400.0,190.33,2.0,El Campestre,Medellín,2022-08-28,2.0,6.186565,-75.56914,2.0,1200000000.0,Images/219940.jpeg,https://www.redinmobiliariamls.com/medellin/el-campestre/1/219940
2300000.0,281.0,2.0,Provenza,Medellín,2022-08-28,3.0,6.207534,-75.565817,2.0,1729000000.0,Images/219942.jpeg,https://www.redinmobiliariamls.com/medellin/provenza/1/219942
187872.0,78.88,2.0,V. La Veta,Copacabana,2022-08-28,3.0,6.256602,-75.575637,1.0,270000330.0,Images/220040.jpeg,https://www.redinmobiliariamls.com/copacabana/v-la-veta/1/220040
1715100.0,379.0,3.0,El Poblado,Medellín,2022-08-28,3.0,6.256602,-75.575637,4.0,2700000000.0,Images/220048.jpeg,https://www.redinmobiliariamls.com/medellin/el-poblado/1/220048
278000.0,74.7,2.0,Altos del Poblado,Medellín,2022-08-09,2.0,6.21951,-75.563171,1.0,500000000.0,Images/220189.jpeg,https://www.redinmobiliariamls.com/medellin/altos-del-poblado/1/220189
830000.0,260.0,3.0,La Tomatera,Medellín,2022-08-28,3.0,6.252762,-75.575037,3.0,950000000.0,Images/220235.jpeg,https://www.redinmobiliariamls.com/medellin/la-tomatera/1/220235
250000.0,112.0,2.0,Navarra,Bello,2022-08-09,3.0,6.343384,-75.533257,1.0,500000000.0,Images/220281.jpeg,https://www.redinmobiliariamls.com/bello/navarra/1/220281
,85.0,2.0,Belén,Medellín,2022-08-28,3.0,6.224875,-75.605439,0.0,220000000.0,Images/220525.jpeg,https://www.redinmobiliariamls.com/medellin/belen/1/220525
611587.0,121.0,2.0,Alto de las Palmas ,Envigado,2022-08-28,2.0,6.155188,-75.530049,2.0,1250000000.0,Images/220548.jpeg,https://www.redinmobiliariamls.com/envigado/alto-de-las-palmas-/1/220548
678000.0,225.0,3.0,El Tesoro,Medellín,2022-08-28,3.0,6.256602,-75.575637,3.0,1250000000.0,Images/220589.jpeg,https://www.redinmobiliariamls.com/medellin/el-tesoro/1/220589
1052000.0,210.0,4.0,Oviedo,Medellín,2022-08-28,3.0,6.201281,-75.574971,2.0,820000000.0,Images/220695.jpeg,https://www.redinmobiliariamls.com/medellin/oviedo/1/220695
701000.0,145.24,2.0,Laureles,Medellín,2022-08-28,3.0,6.245532,-75.598074,2.0,520000000.0,Images/220835.jpeg,https://www.redinmobiliariamls.com/medellin/laureles/1/220835
230000.0,166.0,3.0,Laureles,Medellín,2022-08-28,3.0,6.256602,-75.575637,2.0,470000000.0,Images/220868.jpeg,https://www.redinmobiliariamls.com/medellin/laureles/1/220868
1400000.0,329.5,3.0,Los Balsos Nº 1,Medellín,2022-08-28,3.0,6.191291,-75.572025,4.0,2150000000.0,Images/220892.jpeg,https://www.redinmobiliariamls.com/medellin/los-balsos-n-1/1/220892
380000.0,108.0,2.0,El Poblado,Medellín,2022-08-28,2.0,6.20257,-75.574971,2.0,798000000.0,Images/220893.jpeg,https://www.redinmobiliariamls.com/medellin/el-poblado/1/220893
122000.0,65.0,1.0,Asdesillas,Sabaneta,2022-08-28,2.0,6.154422,-75.607523,1.0,320000000.0,Images/220927.jpeg,https://www.redinmobiliariamls.com/sabaneta/asdesillas/1/220927
,240.0,4.0,La Candelaria,Medellín,2022-08-28,3.0,6.248881,-75.563127,1.0,430000000.0,Images/221061.jpeg,https://www.redinmobiliariamls.com/medellin/la-candelaria/1/221061
680900.0,280.0,3.0,Conquistadores,Medellín,2022-08-28,4.0,6.241713,-75.579886,3.0,1080000000.0,Images/221146.jpeg,https://www.redinmobiliariamls.com/medellin/conquistadores/1/221146
600000.0,171.8,4.0,Los Balsos Nº 1,Medellín,2022-08-28,3.0,6.191647,-75.566074,2.0,800000000.0,Images/221237.jpeg,https://www.redinmobiliariamls.com/medellin/los-balsos-n-1/1/221237
,182.17,6.0,Granada,Medellín,2022-08-28,5.0,6.256602,-75.575637,0.0,320000000.0,Images/221276.jpeg,https://www.redinmobiliariamls.com/medellin/granada/1/221276
1255000.0,346.19,3.0,Los Balsos Nº 2,Medellín,2022-08-28,3.0,6.194377,-75.569741,3.0,1900000000.0,Images/221334.jpeg,https://www.redinmobiliariamls.com/medellin/los-balsos-n-2/1/221334
511679.0,90.65,2.0,Santa Teresita,Medellín,2022-08-28,3.0,6.239824,-75.598655,1.0,670000000.0,Images/221592.jpeg,https://www.redinmobiliariamls.com/medellin/santa-teresita/1/221592
1600000.0,482.86,4.0,Los Balsos Nº 1,Medellín,2022-08-28,4.0,6.186496,-75.560655,4.0,4600000000.0,Images/221664.jpeg,https://www.redinmobiliariamls.com/medellin/los-balsos-n-1/1/221664
209500.0,134.0,3.0,Nogal,Medellín,2022-08-28,3.0,6.236764,-75.598641,1.0,805000000.0,Images/221695.jpeg,https://www.redinmobiliariamls.com/medellin/nogal/1/221695
957600.0,205.0,2.0,Lalinde,Medellín,2022-08-28,2.0,6.210766,-75.566367,2.0,2000000000.0,Images/221725.jpeg,https://www.redinmobiliariamls.com/medellin/lalinde/1/221725
,141.47,3.0,Laureles,Medellín,2022-08-28,3.0,6.256602,-75.575637,0.0,490000000.0,Images/221749.jpeg,https://www.redinmobiliariamls.com/medellin/laureles/1/221749
458000.0,127.84,3.0,Loma de Los Bernal,Medellín,2022-08-28,4.0,6.256602,-75.575637,1.0,425000000.0,Images/221764.jpeg,https://www.redinmobiliariamls.com/medellin/loma-de-los-bernal/1/221764
1005000.0,262.25,4.0,Loma de Las Brujas,Envigado,2022-08-28,3.0,6.177214,-75.576325,3.0,1550000000.0,Images/221773.jpeg,https://www.redinmobiliariamls.com/envigado/loma-de-las-brujas/1/221773
1400000.0,300.0,3.0,Altos del Poblado,Medellín,2022-08-28,3.0,6.256602,-75.575637,2.0,1450000000.0,Images/221783.jpeg,https://www.redinmobiliariamls.com/medellin/altos-del-poblado/1/221783
594000.0,172.5,3.0,Lalinde,Medellín,2022-08-09,3.0,6.256602,-75.575637,1.0,970000000.0,Images/221980.jpeg,https://www.redinmobiliariamls.com/medellin/lalinde/1/221980
380000.0,136.5,3.0,Laureles,Medellín,2022-08-28,3.0,6.241051,-75.598162,2.0,620000000.0,Images/222011.jpeg,https://www.redinmobiliariamls.com/medellin/laureles/1/222011
1904483.0,382.0,4.0,Santa Maria de los Angeles,Medellín,2022-08-28,3.0,6.192373,-75.577962,4.0,950000000.0,Images/222031.jpeg,https://www.redinmobiliariamls.com/medellin/santa-maria-de-los-angeles/1/222031
339000.0,115.0,3.0,Laureles,Medellín,2022-08-28,3.0,6.256602,-75.575637,1.0,530000000.0,Images/222128.jpeg,https://www.redinmobiliariamls.com/medellin/laureles/1/222128
,89.0,2.0,Florida Nueva,Medellín,2022-08-28,4.0,6.250297,-75.587857,0.0,290000000.0,Images/222138.jpeg,https://www.redinmobiliariamls.com/medellin/florida-nueva/1/222138
220000.0,68.61,2.0,Navarra,Bello,2022-08-09,2.0,6.345389,-75.53356,1.0,250000000.0,Images/222150.jpeg,https://www.redinmobiliariamls.com/bello/navarra/1/222150
323561.0,94.87,2.0,La Aldea,La Estrella,2022-08-28,3.0,6.256602,-75.575637,1.0,379850000.0,Images/222174.jpeg,https://www.redinmobiliariamls.com/la-estrella/la-aldea/1/222174
173100.0,64.35,2.0,Loma Linda,Itagüí,2022-08-28,2.0,6.256602,-75.575637,1.0,300000000.0,Images/222203.jpeg,https://www.redinmobiliariamls.com/itagi/loma-linda/1/222203
262000.0,163.59,3.0,Laureles,Medellín,2022-08-28,3.0,6.256602,-75.575637,2.0,570000000.0,Images/222236.jpeg,https://www.redinmobiliariamls.com/medellin/laureles/1/222236
,64.0,2.0,Niquia,Bello,2022-08-28,2.0,6.338983,-75.550526,1.0,230000000.0,Images/222309.jpeg,https://www.redinmobiliariamls.com/bello/niquia/1/222309
170000.0,69.64,2.0,Robledo,Medellín,2022-08-28,3.0,6.256602,-75.575637,0.0,230000000.0,Images/222379.jpeg,https://www.redinmobiliariamls.com/medellin/robledo/1/222379
557300.0,159.0,3.0,Loma de San Julian,Medellín,2022-08-28,3.0,6.224615,-75.56809,2.0,695000000.0,Images/222526.jpeg,https://www.redinmobiliariamls.com/medellin/loma-de-san-julian/1/222526
791000.0,128.0,2.0,El Poblado,Medellín,2022-08-28,2.0,6.256602,-75.575637,2.0,520000000.0,Images/222559.jpeg,https://www.redinmobiliariamls.com/medellin/el-poblado/1/222559
770000.0,188.0,3.0,Santa Maria de los Angeles,Medellín,2022-08-28,3.0,6.256602,-75.575637,2.0,680000000.0,Images/222625.jpeg,https://www.redinmobiliariamls.com/medellin/santa-maria-de-los-angeles/1/222625
936000.0,420.0,4.0,El Tesoro,Medellín,2022-08-28,4.0,6.256602,-75.575637,3.0,1795000000.0,Images/222629.jpeg,https://www.redinmobiliariamls.com/medellin/el-tesoro/1/222629
300000.0,160.0,2.0,Aves Marías,Sabaneta,2022-08-28,3.0,6.256602,-75.575637,2.0,698000000.0,Images/222636.jpeg,https://www.redinmobiliariamls.com/sabaneta/aves-marias/1/222636
342000.0,186.0,3.0,Las Palmas,Medellín,2022-08-28,3.0,6.217137,-75.56187,2.0,580000000.0,Images/222639.jpeg,https://www.redinmobiliariamls.com/medellin/las-palmas/1/222639
1001000.0,223.06,3.0,Las Santas,Medellín,2022-08-28,3.0,6.205174,-75.559544,2.0,950000000.0,Images/222661.jpeg,https://www.redinmobiliariamls.com/medellin/las-santas/1/222661
200000.0,86.2,2.0,Calasanz,Medellín,2022-08-28,2.0,6.269366,-75.606117,1.0,420000000.0,Images/222814.jpeg,https://www.redinmobiliariamls.com/medellin/calasanz/1/222814
172100.0,65.22,2.0,Niquia,Bello,2022-08-28,2.0,6.336838,-75.543515,1.0,270000000.0,Images/222839.jpeg,https://www.redinmobiliariamls.com/bello/niquia/1/222839
350000.0,128.0,2.0,Laureles,Medellín,2022-08-28,4.0,6.241179,-75.598247,1.0,650000000.0,Images/222855.jpeg,https://www.redinmobiliariamls.com/medellin/laureles/1/222855
184000.0,60.0,1.0,V. El Tambo,La Ceja,2022-08-28,1.0,6.032764,-75.437659,1.0,235000000.0,Images/222862.jpeg,https://www.redinmobiliariamls.com/la-ceja/v-el-tambo/1/222862
1458000.0,453.0,5.0,El Campestre,Medellín,2022-08-28,4.0,6.256602,-75.575637,3.0,970000000.0,Images/222881.jpeg,https://www.redinmobiliariamls.com/medellin/el-campestre/1/222881
835174.0,278.0,4.0,La Florida,Medellín,2022-08-28,4.0,6.256602,-75.575637,3.0,980000000.0,Images/222893.jpeg,https://www.redinmobiliariamls.com/medellin/la-florida/1/222893
750000.0,144.92,5.0,Bolivariana,Medellín,2022-08-28,4.0,6.244135,-75.5921,2.0,998000000.0,Images/222931.jpeg,https://www.redinmobiliariamls.com/medellin/bolivariana/1/222931
,102.0,2.0,El Dorado,Envigado,2022-08-28,3.0,6.167925,-75.588159,1.0,700000000.0,Images/222984.jpeg,https://www.redinmobiliariamls.com/envigado/el-dorado/1/222984
,104.12,2.0,Prado,Medellín,2022-08-28,4.0,6.254196,-75.559511,0.0,250000000.0,Images/222987.jpeg,https://www.redinmobiliariamls.com/medellin/prado/1/222987
836000.0,278.0,3.0,La Florida,Medellín,2022-08-28,4.0,6.206791,-75.568776,3.0,970000000.0,Images/223077.jpeg,https://www.redinmobiliariamls.com/medellin/la-florida/1/223077
1560000.0,247.64,4.0,Las Lomas Nº 2,Medellín,2022-08-28,4.0,6.256602,-75.575637,2.0,900000000.0,Images/223100.jpeg,https://www.redinmobiliariamls.com/medellin/las-lomas-n-2/1/223100
100000.0,300.0,5.0,La Inmaculada,Envigado,2022-08-28,5.0,6.169415,-75.575188,3.0,870000000.0,Images/223103.jpeg,https://www.redinmobiliariamls.com/envigado/la-inmaculada/1/223103
275000.0,98.5,2.0,Vegas de San José,Sabaneta,2022-08-28,3.0,6.256602,-75.575637,1.0,505000000.0,Images/223145.jpeg,https://www.redinmobiliariamls.com/sabaneta/vegas-de-san-jose/1/223145
,78.15,2.0,Altos del Poblado,Medellín,2022-08-28,2.0,6.215575,-75.555971,1.0,590000000.0,Images/223214.jpeg,https://www.redinmobiliariamls.com/medellin/altos-del-poblado/1/223214
756000.0,177.5,2.0,Manila,Medellín,2022-08-28,3.0,6.256602,-75.575637,1.0,570000000.0,Images/223218.jpeg,https://www.redinmobiliariamls.com/medellin/manila/1/223218
459000.0,139.0,3.0,Zuñiga,Envigado,2022-08-09,3.0,6.256602,-75.575637,2.0,680000000.0,Images/223278.jpeg,https://www.redinmobiliariamls.com/envigado/zuniga/1/223278
50000.0,40.2,1.0,Vergel,San Antonio de Prado,2022-08-28,2.0,6.256602,-75.575637,1.0,130000000.0,Images/223350.jpeg,https://www.redinmobiliariamls.com/san-antonio-de-prado/vergel/1/223350
1100000.0,268.0,4.0,El Campestre,Medellín,2022-08-28,4.0,6.256602,-75.575637,3.0,995000000.0,Images/223355.jpeg,https://www.redinmobiliariamls.com/medellin/el-campestre/1/223355
528000.0,155.0,4.0,Las Orquídeas,Envigado,2022-08-28,4.0,6.179901,-75.579592,2.0,600000000.0,Images/223371.jpeg,https://www.redinmobiliariamls.com/envigado/las-orquideas/1/223371
513000.0,132.83,2.0,Castropol,Medellín,2022-08-28,3.0,6.216733,-75.566696,2.0,545000000.0,Images/223372.jpeg,https://www.redinmobiliariamls.com/medellin/castropol/1/223372
980000.0,436.0,4.0,Oviedo,Medellín,2022-08-28,4.0,6.202,-75.57436,4.0,1560000000.0,Images/223403.jpeg,https://www.redinmobiliariamls.com/medellin/oviedo/1/223403
,62.0,2.0,Loma Linda,Itagüí,2022-08-28,2.0,6.167999,-75.603746,1.0,295500000.0,Images/223601.jpeg,https://www.redinmobiliariamls.com/itagi/loma-linda/1/223601
120000.0,60.0,2.0,Las Lomitas,Sabaneta,2022-08-28,2.0,6.256602,-75.575637,1.0,300000000.0,Images/223635.jpeg,https://www.redinmobiliariamls.com/sabaneta/las-lomitas/1/223635
110000.0,50.0,2.0,V. La Bermejala,La Estrella,2022-08-28,2.0,6.132783,-75.635087,1.0,225000000.0,Images/223652.jpeg,https://www.redinmobiliariamls.com/la-estrella/v-la-bermejala/1/223652
320000.0,88.06,2.0,El Esmeraldal,Envigado,2022-08-09,2.0,6.17283,-75.568492,2.0,560000000.0,Images/223661.jpeg,https://www.redinmobiliariamls.com/envigado/el-esmeraldal/1/223661
173000.0,66.5,2.0,V. Belen,Marinilla,2022-08-09,2.0,6.256602,-75.575637,1.0,315000000.0,Images/223722.jpeg,https://www.redinmobiliariamls.com/marinilla/v-belen/1/223722
,198.0,4.0,Santa Maria de los Angeles,Medellín,2022-08-28,3.0,6.256602,-75.575637,3.0,1500000000.0,Images/223737.jpeg,https://www.redinmobiliariamls.com/medellin/santa-maria-de-los-angeles/1/223737
1800000.0,431.0,3.0,El Campestre,Medellín,2022-08-28,3.0,6.256602,-75.575637,4.0,1800000000.0,Images/223819.jpeg,https://www.redinmobiliariamls.com/medellin/el-campestre/1/223819
450000.0,119.5,4.0,Loma de Los Bernal,Medellín,2022-08-28,2.0,6.217822,-75.60409,2.0,445000000.0,Images/223914.jpeg,https://www.redinmobiliariamls.com/medellin/loma-de-los-bernal/1/223914
450000.0,158.74,2.0,Bosques de Zuñiga,Envigado,2022-08-28,3.0,6.256602,-75.575637,2.0,620000000.0,Images/223922.jpeg,https://www.redinmobiliariamls.com/envigado/bosques-de-zuniga/1/223922
430000.0,108.0,2.0,Laureles,Medellín,2022-08-28,3.0,6.256602,-75.575637,1.0,520000000.0,Images/223931.jpeg,https://www.redinmobiliariamls.com/medellin/laureles/1/223931
252000.0,79.65,2.0,Las Palmas,Medellín,2022-08-09,2.0,6.2282,-75.566416,0.0,350000000.0,Images/223935.jpeg,https://www.redinmobiliariamls.com/medellin/las-palmas/1/223935
1317100.0,330.0,3.0,Los Balsos Nº 1,Medellín,2022-08-28,3.0,6.19489,-75.574313,2.0,2220000000.0,Images/223937.jpeg,https://www.redinmobiliariamls.com/medellin/los-balsos-n-1/1/223937
929000.0,250.0,3.0,Lalinde,Medellín,2022-08-28,3.0,6.212863,-75.567777,2.0,2800000000.0,Images/223939.jpeg,https://www.redinmobiliariamls.com/medellin/lalinde/1/223939
200000.0,63.0,2.0,La Cuenca,Envigado,2022-08-28,3.0,6.256602,-75.575637,1.0,360000000.0,Images/224032.jpeg,https://www.redinmobiliariamls.com/envigado/la-cuenca/1/224032
,64.9,2.0,Ditaires,Itagüí,2022-08-28,2.0,6.167118,-75.631886,1.0,320000000.0,Images/224069.jpeg,https://www.redinmobiliariamls.com/itagi/ditaires/1/224069
355000.0,160.0,4.0,Aves Marías,Sabaneta,2022-08-28,3.0,6.151093,-75.609927,1.0,610000000.0,Images/224090.jpeg,https://www.redinmobiliariamls.com/sabaneta/aves-marias/1/224090
245000.0,58.33,2.0,Corredor la Fe - El Retiro,El Retiro,2022-08-28,2.0,6.061618,-75.503563,1.0,380000000.0,Images/224118.jpeg,https://www.redinmobiliariamls.com/el-retiro/corredor-la-fe-el-retiro/1/224118
150000.0,64.11,2.0,Prado,Bello,2022-08-28,3.0,6.256602,-75.575637,1.0,230000000.0,Images/224121.jpeg,https://www.redinmobiliariamls.com/bello/prado/1/224121
574000.0,143.0,2.0,San Lucas,Medellín,2022-08-28,3.0,6.183199,-75.564678,1.0,505000000.0,Images/224155.jpeg,https://www.redinmobiliariamls.com/medellin/san-lucas/1/224155
,112.03,2.0,Estadio,Medellín,2022-08-28,3.0,6.247049,-75.606097,1.0,560000000.0,Images/224180.jpeg,https://www.redinmobiliariamls.com/medellin/estadio/1/224180
250000.0,66.28,2.0,La Floresta,Medellín,2022-08-28,2.0,6.256602,-75.575637,1.0,380000000.0,Images/224224.jpeg,https://www.redinmobiliariamls.com/medellin/la-floresta/1/224224
337502.0,145.0,2.0,Loma de Las Brujas,Envigado,2022-08-28,3.0,6.256602,-75.575637,1.0,650000000.0,Images/224304.jpeg,https://www.redinmobiliariamls.com/envigado/loma-de-las-brujas/1/224304
933400.0,188.0,3.0,Castropol,Medellín,2022-08-28,3.0,6.256602,-75.575637,2.0,850000000.0,Images/224372.jpeg,https://www.redinmobiliariamls.com/medellin/castropol/1/224372
190000.0,74.0,2.0,Aves Marías,Sabaneta,2022-08-28,1.0,6.14754,-75.612917,1.0,335000000.0,Images/224381.jpeg,https://www.redinmobiliariamls.com/sabaneta/aves-marias/1/224381
835700.0,249.36,3.0,Loma de Las Brujas,Envigado,2022-08-28,3.0,6.256602,-75.575637,4.0,1450000000.0,Images/224395.jpeg,https://www.redinmobiliariamls.com/envigado/loma-de-las-brujas/1/224395
307000.0,105.0,2.0,Simón Bolívar,Medellín,2022-08-28,3.0,6.245012,-75.608438,1.0,425000000.0,Images/224405.jpeg,https://www.redinmobiliariamls.com/medellin/simon-bolivar/1/224405
10000.0,56.0,2.0,Santa Ana,Bello,2022-08-28,3.0,6.328701,-75.566619,0.0,165000000.0,Images/224427.jpeg,https://www.redinmobiliariamls.com/bello/santa-ana/1/224427
,56.18,2.0,Inmaculada 1,La Estrella,2022-08-28,2.0,6.133636,-75.636061,0.0,150000000.0,Images/224553.jpeg,https://www.redinmobiliariamls.com/la-estrella/inmaculada-1/1/224553
590000.0,165.0,2.0,Alejandría,Medellín,2022-08-28,3.0,6.200553,-75.567779,2.0,1000000000.0,Images/224560.jpeg,https://www.redinmobiliariamls.com/medellin/alejandria/1/224560
50000.0,79.0,2.0,Santa Mónica,Medellín,2022-08-28,3.0,6.256602,-75.575637,1.0,290000000.0,Images/224566.jpeg,https://www.redinmobiliariamls.com/medellin/santa-monica/1/224566
1240200.0,378.0,4.0,El Campestre,Medellín,2022-08-28,3.0,6.186565,-75.56914,3.0,1700000000.0,Images/224665.jpeg,https://www.redinmobiliariamls.com/medellin/el-campestre/1/224665
200000.0,107.0,2.0,Conquistadores,Medellín,2022-08-28,2.0,6.244729,-75.58059,1.0,630000000.0,Images/224672.jpeg,https://www.redinmobiliariamls.com/medellin/conquistadores/1/224672
,68.0,2.0,Loma de San Jose,Sabaneta,2022-08-28,3.0,6.140934,-75.61862,1.0,372000000.0,Images/224691.jpeg,https://www.redinmobiliariamls.com/sabaneta/loma-de-san-jose/1/224691
,105.23,2.0,Barrio Obrero,Envigado,2022-08-28,3.0,6.172427,-75.582633,1.0,380000000.0,Images/224710.jpeg,https://www.redinmobiliariamls.com/envigado/barrio-obrero/1/224710
370000.0,71.0,1.0,San Diego,Medellín,2022-08-28,2.0,6.229749,-75.568878,1.0,380000000.0,Images/224713.jpeg,https://www.redinmobiliariamls.com/medellin/san-diego/1/224713
,56.21,1.0,La Frontera,Medellín,2022-08-28,1.0,6.186923,-75.57833,0.0,595000000.0,Images/224727.jpeg,https://www.redinmobiliariamls.com/medellin/la-frontera/1/224727
1055000.0,209.0,3.0,El Campestre,Medellín,2022-08-28,3.0,6.182714,-75.571659,3.0,650000000.0,Images/224809.jpeg,https://www.redinmobiliariamls.com/medellin/el-campestre/1/224809
220000.0,100.0,3.0,Laureles,Medellín,2022-08-28,3.0,6.241848,-75.599991,1.0,655000000.0,Images/224860.jpeg,https://www.redinmobiliariamls.com/medellin/laureles/1/224860
880000.0,260.0,3.0,La Tomatera,Medellín,2022-08-28,4.0,6.204713,-75.569045,3.0,980000000.0,Images/224876.jpeg,https://www.redinmobiliariamls.com/medellin/la-tomatera/1/224876
400000.0,124.14,4.0,Santa Teresita,Medellín,2022-08-28,3.0,6.241412,-75.597918,1.0,768000000.0,Images/224884.jpeg,https://www.redinmobiliariamls.com/medellin/santa-teresita/1/224884
400000.0,124.14,4.0,Santa Teresita,Medellín,2022-08-28,3.0,6.241412,-75.597918,1.0,774000000.0,Images/224921.jpeg,https://www.redinmobiliariamls.com/medellin/santa-teresita/1/224921
980000.0,312.0,4.0,Los Balsos Nº 1,Medellín,2022-08-28,3.0,6.186496,-75.560655,3.0,2500000000.0,Images/224975.jpeg,https://www.redinmobiliariamls.com/medellin/los-balsos-n-1/1/224975
,116.5,2.0,Las Palmas,Medellín,2022-08-28,2.0,6.231141,-75.604894,2.0,940000000.0,Images/224990.jpeg,https://www.redinmobiliariamls.com/medellin/las-palmas/1/224990
620000.0,224.0,4.0,Castropol,Medellín,2022-08-28,4.0,6.256602,-75.575637,1.0,800000000.0,Images/225012.jpeg,https://www.redinmobiliariamls.com/medellin/castropol/1/225012
220000.0,132.0,2.0,Florida Nueva,Medellín,2022-08-28,3.0,6.256602,-75.575637,1.0,345000000.0,Images/225014.jpeg,https://www.redinmobiliariamls.com/medellin/florida-nueva/1/225014
,62.0,2.0,Calasanz,Medellín,2022-08-28,3.0,6.256602,-75.575637,1.0,325000000.0,Images/225072.jpeg,https://www.redinmobiliariamls.com/medellin/calasanz/1/225072
328000.0,121.85,2.0,Zuñiga,Envigado,2022-08-28,3.0,6.177876,-75.573121,1.0,580000000.0,Images/225130.jpeg,https://www.redinmobiliariamls.com/envigado/zuniga/1/225130
157000.0,141.0,3.0,Nogal,Medellín,2022-08-28,3.0,6.237881,-75.595537,2.0,510000000.0,Images/225172.jpeg,https://www.redinmobiliariamls.com/medellin/nogal/1/225172
1350000.0,480.22,4.0,El Campestre,Medellín,2022-08-28,4.0,6.256602,-75.575637,4.0,1800000000.0,Images/225221.jpeg,https://www.redinmobiliariamls.com/medellin/el-campestre/1/225221
714000.0,225.0,4.0,Patio Bonito,Medellín,2022-08-28,4.0,6.205029,-75.571927,2.0,810000000.0,Images/225272.jpeg,https://www.redinmobiliariamls.com/medellin/patio-bonito/1/225272
,48.0,1.0,V. Pan de Azúcar,Sabaneta,2022-08-28,1.0,6.145893,-75.624363,1.0,285000000.0,Images/225420.jpeg,https://www.redinmobiliariamls.com/sabaneta/v-pan-de-azucar/1/225420
1000000.0,262.0,4.0,Loma de Las Brujas,Envigado,2022-08-28,3.0,6.256602,-75.575637,2.0,1400000000.0,Images/225448.jpeg,https://www.redinmobiliariamls.com/envigado/loma-de-las-brujas/1/225448
933000.0,269.65,3.0,Las Santas,Medellín,2022-08-28,3.0,6.205243,-75.558834,2.0,1180000000.0,Images/225530.jpeg,https://www.redinmobiliariamls.com/medellin/las-santas/1/225530
,57.6,2.0,V. Fontibon ,Rionegro,2022-08-28,3.0,6.154476,-75.396557,1.0,240000000.0,Images/225540.jpeg,https://www.redinmobiliariamls.com/rionegro/v-fontibon-/1/225540
124000.0,57.61,2.0,V. Barro Blanco,Rionegro,2022-08-09,2.0,6.151594,-75.382151,1.0,350000000.0,Images/225636.jpeg,https://www.redinmobiliariamls.com/rionegro/v-barro-blanco/1/225636
64400.0,36.09,1.0,Navarra,Bello,2022-08-28,1.0,6.345274,-75.533581,0.0,140000000.0,Images/225670.jpeg,https://www.redinmobiliariamls.com/bello/navarra/1/225670
500000.0,125.2,3.0,Loma Los Gonzalez,Medellín,2022-08-28,3.0,6.191145,-75.56216,2.0,950000000.0,Images/225688.jpeg,https://www.redinmobiliariamls.com/medellin/loma-los-gonzalez/1/225688
323417.0,101.4,2.0,Castropol,Medellín,2022-08-28,3.0,6.216671,-75.566277,1.0,440000000.0,Images/225698.jpeg,https://www.redinmobiliariamls.com/medellin/castropol/1/225698
950000.0,208.0,3.0,El Campestre,Medellín,2022-08-28,3.0,6.256602,-75.575637,3.0,765000000.0,Images/225813.jpeg,https://www.redinmobiliariamls.com/medellin/el-campestre/1/225813
,250.0,3.0,Loma Cola del Zorro,Medellín,2022-08-09,3.0,6.212063,-75.547801,1.0,1812583000.0,Images/225840.jpeg,https://www.redinmobiliariamls.com/medellin/loma-cola-del-zorro/1/225840
630000.0,105.0,2.0,Alejandría,Medellín,2022-08-09,2.0,6.256602,-75.575637,2.0,630000000.0,Images/225890.jpeg,https://www.redinmobiliariamls.com/medellin/alejandria/1/225890
186000.0,57.61,1.0,V. Barro Blanco,Rionegro,2022-08-28,2.0,6.160909,-75.369578,1.0,342000000.0,Images/225907.jpeg,https://www.redinmobiliariamls.com/rionegro/v-barro-blanco/1/225907
289000.0,63.0,1.0,El Tesoro,Medellín,2022-08-28,1.0,6.256602,-75.575637,2.0,430000000.0,Images/225919.jpeg,https://www.redinmobiliariamls.com/medellin/el-tesoro/1/225919
520000.0,200.0,4.0,La Abadía,Envigado,2022-08-28,4.0,6.176539,-75.576168,2.0,780000000.0,Images/225958.jpeg,https://www.redinmobiliariamls.com/envigado/la-abadia/1/225958
450000.0,86.0,2.0,Las Acacias,Medellín,2022-08-28,3.0,6.242005,-75.599389,1.0,550000000.0,Images/226023.jpeg,https://www.redinmobiliariamls.com/medellin/las-acacias/1/226023
540000.0,117.0,3.0,Castropol,Medellín,2022-08-28,3.0,6.256602,-75.575637,2.0,620000000.0,Images/226054.jpeg,https://www.redinmobiliariamls.com/medellin/castropol/1/226054
,51.33,2.0,Loreto,Medellín,2022-08-28,3.0,6.226834,-75.559559,0.0,170000000.0,Images/226058.jpeg,https://www.redinmobiliariamls.com/medellin/loreto/1/226058
,51.95,2.0,Belén Rodeo Alto,Medellín,2022-08-28,2.0,6.204969,-75.601386,1.0,250000000.0,Images/226127.jpeg,https://www.redinmobiliariamls.com/medellin/belen-rodeo-alto/1/226127
160000.0,74.0,2.0,Sector Los Colegios,Rionegro,2022-08-28,3.0,6.123486,-75.425262,1.0,430000000.0,Images/226154.jpeg,https://www.redinmobiliariamls.com/rionegro/sector-los-colegios/1/226154
866500.0,204.93,2.0,Santa Maria de los Angeles,Medellín,2022-08-09,4.0,6.191772,-75.57673,2.0,540000000.0,Images/226169.jpeg,https://www.redinmobiliariamls.com/medellin/santa-maria-de-los-angeles/1/226169
160000.0,62.18,2.0,V. Pan de Azúcar,Sabaneta,2022-08-28,2.0,6.256602,-75.575637,1.0,370000000.0,Images/226186.jpeg,https://www.redinmobiliariamls.com/sabaneta/v-pan-de-azucar/1/226186
70000.0,87.0,3.0,Calasanz,Medellín,2022-08-28,2.0,6.266015,-75.601874,1.0,255000000.0,Images/226189.jpeg,https://www.redinmobiliariamls.com/medellin/calasanz/1/226189
160000.0,52.4,2.0,Ciudad del Rio,Medellín,2022-08-09,1.0,6.256602,-75.575637,1.0,440000000.0,Images/226211.jpeg,https://www.redinmobiliariamls.com/medellin/ciudad-del-rio/1/226211
160000.0,62.0,2.0,V. Pan de Azúcar,Sabaneta,2022-08-28,2.0,6.256602,-75.575637,1.0,360000000.0,Images/226212.jpeg,https://www.redinmobiliariamls.com/sabaneta/v-pan-de-azucar/1/226212
250000.0,54.0,2.0,El Esmeraldal,Envigado,2022-08-28,3.0,6.174055,-75.56986,1.0,290000000.0,Images/226222.jpeg,https://www.redinmobiliariamls.com/envigado/el-esmeraldal/1/226222
,84.0,2.0,San Fernando,Itagüí,2022-08-28,4.0,6.192267,-75.590396,0.0,250000000.0,Images/226236.jpeg,https://www.redinmobiliariamls.com/itagi/san-fernando/1/226236
,168.0,3.0,Almería,Medellín,2022-08-28,5.0,6.242959,-75.61225,2.0,450000000.0,Images/226239.jpeg,https://www.redinmobiliariamls.com/medellin/almeria/1/226239
,57.0,2.0,El Porvenir,Rionegro,2022-08-28,2.0,6.145348,-75.372912,1.0,380000000.0,Images/226285.jpeg,https://www.redinmobiliariamls.com/rionegro/el-porvenir/1/226285
942519.0,278.0,3.0,La Florida,Medellín,2022-08-28,4.0,6.256602,-75.575637,3.0,1050000000.0,Images/226311.jpeg,https://www.redinmobiliariamls.com/medellin/la-florida/1/226311
1800000.0,320.0,4.0,Alejandría,Medellín,2022-08-28,4.0,6.202329,-75.571161,6.0,1600000000.0,Images/226358.jpeg,https://www.redinmobiliariamls.com/medellin/alejandria/1/226358
,54.75,1.0,Cristo Rey,Medellín,2022-08-28,3.0,6.204003,-75.580955,0.0,150000000.0,Images/226363.jpeg,https://www.redinmobiliariamls.com/medellin/cristo-rey/1/226363
609000.0,126.7,2.0,La Frontera,Envigado,2022-08-28,3.0,6.256602,-75.575637,2.0,680000000.0,Images/226428.jpeg,https://www.redinmobiliariamls.com/envigado/la-frontera/1/226428
,84.3,2.0,Los Alcazares,Sabaneta,2022-08-09,3.0,6.256602,-75.575637,1.0,425000000.0,Images/226445.jpeg,https://www.redinmobiliariamls.com/sabaneta/los-alcazares/1/226445
666000.0,187.0,3.0,Alejandría,Medellín,2022-08-28,3.0,6.202946,-75.568898,4.0,1350000000.0,Images/226450.jpeg,https://www.redinmobiliariamls.com/medellin/alejandria/1/226450
,108.0,2.0,Manga Azul,Envigado,2022-08-28,3.0,6.256602,-75.575637,1.0,420000000.0,Images/226461.jpeg,https://www.redinmobiliariamls.com/envigado/manga-azul/1/226461
,76.0,2.0,El Danubio,Medellín,2022-08-28,2.0,6.253576,-75.608499,0.0,190000000.0,Images/226487.jpeg,https://www.redinmobiliariamls.com/medellin/el-danubio/1/226487
947700.0,210.0,3.0,Las Lomas Nº 1,Medellín,2022-08-28,4.0,6.211396,-75.560899,3.0,950000000.0,Images/226497.jpeg,https://www.redinmobiliariamls.com/medellin/las-lomas-n-1/1/226497
229600.0,114.0,2.0,La Aguamala,Sopetran,2022-08-28,3.0,6.256602,-75.575637,1.0,320000000.0,Images/226519.jpeg,https://www.redinmobiliariamls.com/sopetran/la-aguamala/1/226519
114000.0,67.49,2.0,Llano De Bolí­var,Santa Fe de Antioquia,2022-08-28,3.0,6.256602,-75.575637,0.0,220000000.0,Images/226520.jpeg,https://www.redinmobiliariamls.com/santa-fe-de-antioquia/llano-de-bolivar/1/226520
212000.0,79.65,2.0,Mayorca,Sabaneta,2022-08-28,2.0,6.256602,-75.575637,1.0,435000000.0,Images/226524.jpeg,https://www.redinmobiliariamls.com/sabaneta/mayorca/1/226524
365400.0,136.0,3.0,Castropol,Medellín,2022-08-28,3.0,6.256602,-75.575637,2.0,900000000.0,Images/226531.jpeg,https://www.redinmobiliariamls.com/medellin/castropol/1/226531
220000.0,87.0,2.0,V. Belén (Marinilla),Marinilla,2022-08-28,3.0,6.173106,-75.337885,1.0,395000000.0,Images/226552.jpeg,https://www.redinmobiliariamls.com/marinilla/v-belen-marinilla/1/226552
379000.0,127.0,2.0,Las Palmas,Medellín,2022-08-28,3.0,6.256602,-75.575637,2.0,585000000.0,Images/226561.jpeg,https://www.redinmobiliariamls.com/medellin/las-palmas/1/226561
814000.0,220.0,3.0,La Florida,Medellín,2022-08-28,3.0,6.256602,-75.575637,2.0,950000000.0,Images/226589.jpeg,https://www.redinmobiliariamls.com/medellin/la-florida/1/226589
1130000.0,242.0,3.0,Los Balsos Nº 1,Medellín,2022-08-28,3.0,6.184302,-75.556851,2.0,1530000000.0,Images/226592.jpeg,https://www.redinmobiliariamls.com/medellin/los-balsos-n-1/1/226592
302000.0,96.0,2.0,El Trapiche,Sabaneta,2022-08-28,3.0,6.256602,-75.575637,2.0,490000000.0,Images/226628.jpeg,https://www.redinmobiliariamls.com/sabaneta/el-trapiche/1/226628
,68.0,2.0,Suramérica,La Estrella,2022-08-28,3.0,6.256602,-75.575637,1.0,348000000.0,Images/226675.jpeg,https://www.redinmobiliariamls.com/la-estrella/suramerica/1/226675
390000.0,170.0,3.0,Loma de Las Brujas,Envigado,2022-08-28,3.0,6.163403,-75.577044,2.0,1100000000.0,Images/226729.jpeg,https://www.redinmobiliariamls.com/envigado/loma-de-las-brujas/1/226729
1150000.0,306.0,4.0,San Lucas,Medellín,2022-08-28,3.0,6.181389,-75.567714,2.0,1300000000.0,Images/226732.jpeg,https://www.redinmobiliariamls.com/medellin/san-lucas/1/226732
,178.0,2.0,La América,Medellín,2022-08-28,4.0,6.250002,-75.603185,0.0,520000000.0,Images/226735.jpeg,https://www.redinmobiliariamls.com/medellin/la-america/1/226735
185300.0,78.28,2.0,Machado,Copacabana,2022-08-28,3.0,6.335234,-75.527259,1.0,277500000.0,Images/226752.jpeg,https://www.redinmobiliariamls.com/copacabana/machado/1/226752
560000.0,62.0,1.0,V. Llanogrande,Rionegro,2022-08-28,1.0,6.132315,-75.395929,1.0,480000000.0,Images/226757.jpeg,https://www.redinmobiliariamls.com/rionegro/v-llanogrande/1/226757
168000.0,58.25,2.0,V. Ojo de Agua,Rionegro,2022-08-28,2.0,6.149018,-75.378952,1.0,380000000.0,Images/226767.jpeg,https://www.redinmobiliariamls.com/rionegro/v-ojo-de-agua/1/226767
475200.0,150.0,2.0,Los Colores,Medellín,2022-08-28,3.0,6.262931,-75.594035,1.0,480000000.0,Images/226770.jpeg,https://www.redinmobiliariamls.com/medellin/los-colores/1/226770
412000.0,135.0,2.0,Santa Teresita,Medellín,2022-08-28,3.0,6.256602,-75.575637,2.0,600000000.0,Images/226776.jpeg,https://www.redinmobiliariamls.com/medellin/santa-teresita/1/226776
207400.0,78.88,2.0,Machado,Bello,2022-08-28,3.0,6.256602,-75.575637,1.0,283500000.0,Images/226785.jpeg,https://www.redinmobiliariamls.com/bello/machado/1/226785
,61.76,2.0,V. Pantanillo (El Retiro),El Retiro,2022-08-28,2.0,6.256602,-75.575637,1.0,482000000.0,Images/226811.jpeg,https://www.redinmobiliariamls.com/el-retiro/v-pantanillo-el-retiro/1/226811
328000.0,94.0,2.0,Aves Marías,Sabaneta,2022-08-09,3.0,6.256602,-75.575637,1.0,365000000.0,Images/226899.jpeg,https://www.redinmobiliariamls.com/sabaneta/aves-marias/1/226899
870000.0,205.0,4.0,El Tesoro,Medellín,2022-08-28,4.0,6.198998,-75.558441,2.0,650000000.0,Images/226937.jpeg,https://www.redinmobiliariamls.com/medellin/el-tesoro/1/226937
540000.0,71.82,2.0,Alto de las Palmas ,Envigado,2022-08-28,1.0,6.256602,-75.575637,2.0,610000000.0,Images/226954.jpeg,https://www.redinmobiliariamls.com/envigado/alto-de-las-palmas-/1/226954
,171.0,3.0,Loma de los Parra,Medellín,2022-08-28,3.0,6.256602,-75.575637,3.0,1580000000.0,Images/227008.jpeg,https://www.redinmobiliariamls.com/medellin/loma-de-los-parra/1/227008
352600.0,139.0,2.0,Laureles,Medellín,2022-08-09,4.0,6.246255,-75.593875,2.0,480000000.0,Images/227031.jpeg,https://www.redinmobiliariamls.com/medellin/laureles/1/227031
1520800.0,296.51,4.0,Boston,Medellín,2022-08-28,4.0,6.248088,-75.561168,1.0,560000000.0,Images/227046.jpeg,https://www.redinmobiliariamls.com/medellin/boston/1/227046
140000.0,63.0,2.0,Autopista (Marinilla),Marinilla,2022-08-28,3.0,6.256602,-75.575637,1.0,250000000.0,Images/227050.jpeg,https://www.redinmobiliariamls.com/marinilla/autopista-marinilla/1/227050
80000.0,48.0,1.0,La Tablaza,La Estrella,2022-08-28,2.0,6.256602,-75.575637,0.0,135000000.0,Images/227083.jpeg,https://www.redinmobiliariamls.com/la-estrella/la-tablaza/1/227083
80000.0,48.0,1.0,La Tablaza,La Estrella,2022-08-28,2.0,6.256602,-75.575637,0.0,135000000.0,Images/227086.jpeg,https://www.redinmobiliariamls.com/la-estrella/la-tablaza/1/227086
80000.0,48.0,1.0,La Tablaza,La Estrella,2022-08-09,2.0,6.256602,-75.575637,0.0,135000000.0,Images/227088.jpeg,https://www.redinmobiliariamls.com/la-estrella/la-tablaza/1/227088
156000.0,62.0,2.0,Trapiche,Bello,2022-08-28,3.0,6.338354,-75.558822,1.0,205000000.0,Images/227123.jpeg,https://www.redinmobiliariamls.com/bello/trapiche/1/227123
690000.0,95.0,2.0,El Tesoro,Medellín,2022-08-28,2.0,6.256602,-75.575637,2.0,940000000.0,Images/227136.jpeg,https://www.redinmobiliariamls.com/medellin/el-tesoro/1/227136
1450000.0,300.0,5.0,Loma de Benedictinos,Envigado,2022-08-28,4.0,6.178611,-75.574611,3.0,1545000000.0,Images/227159.jpeg,https://www.redinmobiliariamls.com/envigado/loma-de-benedictinos/1/227159
340000.0,125.0,2.0,Loma de Cumbres,Envigado,2022-08-28,3.0,6.256602,-75.575637,2.0,740000000.0,Images/227167.jpeg,https://www.redinmobiliariamls.com/envigado/loma-de-cumbres/1/227167
114000.0,45.0,1.0,Norte America,Bello,2022-08-28,2.0,6.256602,-75.575637,1.0,155000000.0,Images/227168.jpeg,https://www.redinmobiliariamls.com/bello/norte-america/1/227168
980000.0,300.0,5.0,Los Balsos Nº 1,Medellín,2022-08-28,5.0,6.187449,-75.563715,4.0,1400000000.0,Images/227191.jpeg,https://www.redinmobiliariamls.com/medellin/los-balsos-n-1/1/227191
210000.0,73.5,2.0,San José Obrero,Bello,2022-08-28,3.0,6.326801,-75.557788,1.0,360000000.0,Images/227214.jpeg,https://www.redinmobiliariamls.com/bello/san-jose-obrero/1/227214
175000.0,30.0,1.0,La Frontera,Medellín,2022-08-09,1.0,6.182874,-75.577543,1.0,320000000.0,Images/227239.jpeg,https://www.redinmobiliariamls.com/medellin/la-frontera/1/227239
618000.0,190.0,3.0,San Joaquín,Medellín,2022-08-28,3.0,6.256602,-75.575637,3.0,850000000.0,Images/227240.jpeg,https://www.redinmobiliariamls.com/medellin/san-joaquin/1/227240
278600.0,92.88,2.0,Calasanz,Medellín,2022-08-09,3.0,6.260296,-75.599294,1.0,370000000.0,Images/227278.jpeg,https://www.redinmobiliariamls.com/medellin/calasanz/1/227278
620000.0,200.0,2.0,San Lucas,Medellín,2022-08-09,2.0,6.182486,-75.5653,2.0,1750000000.0,Images/227298.jpeg,https://www.redinmobiliariamls.com/medellin/san-lucas/1/227298
175000.0,30.0,1.0,La Frontera,Medellín,2022-08-09,1.0,6.182874,-75.577543,0.0,320000000.0,Images/227305.jpeg,https://www.redinmobiliariamls.com/medellin/la-frontera/1/227305
175000.0,30.0,1.0,La Frontera,Medellín,2022-08-09,1.0,6.182874,-75.577543,1.0,320000000.0,Images/227306.jpeg,https://www.redinmobiliariamls.com/medellin/la-frontera/1/227306
880000.0,255.0,3.0,Los Balsos Nº 1,Medellín,2022-08-28,3.0,6.191509,-75.565508,4.0,1100000000.0,Images/227307.jpeg,https://www.redinmobiliariamls.com/medellin/los-balsos-n-1/1/227307
245000.0,78.0,2.0,Niquia,Bello,2022-08-28,3.0,6.345748,-75.532297,1.0,295000000.0,Images/227329.jpeg,https://www.redinmobiliariamls.com/bello/niquia/1/227329
517000.0,89.0,2.0,Alto de las Palmas ,Envigado,2022-08-28,1.0,6.256602,-75.575637,1.0,620000000.0,Images/227330.jpeg,https://www.redinmobiliariamls.com/envigado/alto-de-las-palmas-/1/227330
527000.0,128.0,3.0,La Tomatera,Medellín,2022-08-28,3.0,6.206443,-75.57014,3.0,545000000.0,Images/227358.jpeg,https://www.redinmobiliariamls.com/medellin/la-tomatera/1/227358
330000.0,99.0,2.0,El Esmeraldal,Envigado,2022-08-28,3.0,6.256602,-75.575637,2.0,610000000.0,Images/227417.jpeg,https://www.redinmobiliariamls.com/envigado/el-esmeraldal/1/227417
170000.0,74.0,2.0,Santa Ana,Sabaneta,2022-08-28,3.0,6.256602,-75.575637,0.0,300000000.0,Images/227449.jpeg,https://www.redinmobiliariamls.com/sabaneta/santa-ana/1/227449
900000.0,165.0,2.0,Alto de las Palmas ,Envigado,2022-08-28,2.0,6.256602,-75.575637,2.0,1290000000.0,Images/227458.jpeg,https://www.redinmobiliariamls.com/envigado/alto-de-las-palmas-/1/227458
428000.0,75.0,2.0,Alto de las Palmas ,Envigado,2022-08-09,1.0,6.256602,-75.575637,1.0,550000000.0,Images/227463.jpeg,https://www.redinmobiliariamls.com/envigado/alto-de-las-palmas-/1/227463
356000.0,125.0,2.0,Centro,Medellín,2022-08-28,3.0,6.256602,-75.575637,1.0,320000000.0,Images/227486.jpeg,https://www.redinmobiliariamls.com/medellin/centro/1/227486
,58.6,2.0,San Antonio de Pereira,Rionegro,2022-08-28,2.0,6.125721,-75.378976,1.0,420000000.0,Images/227503.jpeg,https://www.redinmobiliariamls.com/rionegro/san-antonio-de-pereira/1/227503
700000.0,144.18,3.0,Loma de Benedictinos,Envigado,2022-08-28,3.0,6.178512,-75.572014,2.0,850000000.0,Images/227506.jpeg,https://www.redinmobiliariamls.com/envigado/loma-de-benedictinos/1/227506
834300.0,244.02,3.0,Patio Bonito,Medellín,2022-08-28,3.0,6.204149,-75.572755,2.0,1100000000.0,Images/227536.jpeg,https://www.redinmobiliariamls.com/medellin/patio-bonito/1/227536
674000.0,83.0,1.0,Lalinde,Medellín,2022-08-28,2.0,6.256602,-75.575637,1.0,1650000000.0,Images/227553.jpeg,https://www.redinmobiliariamls.com/medellin/lalinde/1/227553
10000.0,70.0,2.0,Bolivariana,Medellín,2022-08-28,3.0,6.248042,-75.599504,0.0,325000000.0,Images/227567.jpeg,https://www.redinmobiliariamls.com/medellin/bolivariana/1/227567
114000.0,57.0,2.0,La Misericordia,Copacabana,2022-08-28,3.0,6.342023,-75.516577,1.0,220000000.0,Images/227593.jpeg,https://www.redinmobiliariamls.com/copacabana/la-misericordia/1/227593
960000.0,330.0,3.0,Los Balsos Nº 1,Medellín,2022-08-28,3.0,6.186543,-75.562694,3.0,1850000000.0,Images/227611.jpeg,https://www.redinmobiliariamls.com/medellin/los-balsos-n-1/1/227611
140000.0,63.0,2.0,Autopista (Marinilla),Marinilla,2022-08-28,3.0,6.256602,-75.575637,1.0,285000000.0,Images/227654.jpeg,https://www.redinmobiliariamls.com/marinilla/autopista-marinilla/1/227654
1040000.0,205.0,4.0,San Lucas,Medellín,2022-08-28,4.0,6.256602,-75.575637,2.0,900000000.0,Images/227658.jpeg,https://www.redinmobiliariamls.com/medellin/san-lucas/1/227658
320000.0,150.0,3.0,Castropol,Medellín,2022-08-28,4.0,6.256602,-75.575637,1.0,460000000.0,Images/227698.jpeg,https://www.redinmobiliariamls.com/medellin/castropol/1/227698
364800.0,156.0,3.0,Laureles,Medellín,2022-08-28,3.0,6.246255,-75.593961,1.0,480000000.0,Images/227706.jpeg,https://www.redinmobiliariamls.com/medellin/laureles/1/227706
,113.8,2.0,V. Pueblo Viejo,La Estrella,2022-08-28,3.0,6.256602,-75.575637,1.0,335000000.0,Images/227731.jpeg,https://www.redinmobiliariamls.com/la-estrella/v-pueblo-viejo/1/227731
706300.0,144.26,2.0,Laureles,Medellín,2022-08-28,3.0,6.241505,-75.596795,2.0,560000000.0,Images/227734.jpeg,https://www.redinmobiliariamls.com/medellin/laureles/1/227734
800000.0,264.83,3.0,Transversal Intermedia,Envigado,2022-08-28,3.0,6.173706,-75.56635,2.0,1400000000.0,Images/227735.jpeg,https://www.redinmobiliariamls.com/envigado/transversal-intermedia/1/227735
955000.0,319.27,3.0,Altos del Poblado,Medellín,2022-08-28,3.0,6.256602,-75.575637,3.0,1190000000.0,Images/227741.jpeg,https://www.redinmobiliariamls.com/medellin/altos-del-poblado/1/227741
303000.0,100.0,2.0,El Chocho,Envigado,2022-08-28,3.0,6.256602,-75.575637,2.0,600000000.0,Images/227752.jpeg,https://www.redinmobiliariamls.com/envigado/el-chocho/1/227752
,96.55,2.0,San José Obrero,Bello,2022-08-28,3.0,6.321764,-75.561039,0.0,237000000.0,Images/227762.jpeg,https://www.redinmobiliariamls.com/bello/san-jose-obrero/1/227762
,120.15,2.0,Las Palmas,Medellín,2022-08-28,2.0,6.182159,-75.560989,2.0,1000000000.0,Images/227781.jpeg,https://www.redinmobiliariamls.com/medellin/las-palmas/1/227781
,69.92,2.0,Niquia,Bello,2022-08-28,3.0,6.336866,-75.550167,1.0,265000000.0,Images/227785.jpeg,https://www.redinmobiliariamls.com/bello/niquia/1/227785
615000.0,89.3,2.0,Alto de las Palmas ,Envigado,2022-08-28,1.0,6.256602,-75.575637,2.0,660000000.0,Images/227790.jpeg,https://www.redinmobiliariamls.com/envigado/alto-de-las-palmas-/1/227790
208055.0,67.0,2.0,Centro,Itagüí,2022-08-28,3.0,6.18459,-75.596968,1.0,295000000.0,Images/227795.jpeg,https://www.redinmobiliariamls.com/itagi/centro/1/227795
270000.0,105.0,2.0,Loma de San Jose,Sabaneta,2022-08-28,3.0,6.141716,-75.618434,2.0,460000000.0,Images/227804.jpeg,https://www.redinmobiliariamls.com/sabaneta/loma-de-san-jose/1/227804
801000.0,164.0,4.0,Laureles,Medellín,2022-08-28,3.0,6.240694,-75.592263,2.0,1055000000.0,Images/227816.jpeg,https://www.redinmobiliariamls.com/medellin/laureles/1/227816
300000.0,106.7,2.0,V. Cañaveralejo,Sabaneta,2022-08-28,3.0,6.145634,-75.623158,2.0,539800000.0,Images/227859.jpeg,https://www.redinmobiliariamls.com/sabaneta/v-canaveralejo/1/227859
81300.0,69.0,2.0,Virgen del Carmen,Sabaneta,2022-08-09,3.0,6.157872,-75.608311,0.0,235000000.0,Images/227893.jpeg,https://www.redinmobiliariamls.com/sabaneta/virgen-del-carmen/1/227893
,60.2,2.0,Calle Larga,Sabaneta,2022-08-28,2.0,6.149616,-75.618541,0.0,270000000.0,Images/227894.jpeg,https://www.redinmobiliariamls.com/sabaneta/calle-larga/1/227894
1600000.0,267.0,3.0,La Concha,Medellín,2022-08-28,3.0,6.209142,-75.561459,2.0,1100000000.0,Images/227927.jpeg,https://www.redinmobiliariamls.com/medellin/la-concha/1/227927
443600.0,140.0,2.0,Los Balsos Nº 1,Medellín,2022-08-28,3.0,6.192116,-75.568097,2.0,700000000.0,Images/227931.jpeg,https://www.redinmobiliariamls.com/medellin/los-balsos-n-1/1/227931
155000.0,63.0,2.0,V. Belén (Marinilla),Marinilla,2022-08-28,3.0,6.256602,-75.575637,1.0,235000000.0,Images/227976.jpeg,https://www.redinmobiliariamls.com/marinilla/v-belen-marinilla/1/227976
1415800.0,366.0,4.0,La Visitación,Medellín,2022-08-28,4.0,6.195787,-75.566144,3.0,1500000000.0,Images/228000.jpeg,https://www.redinmobiliariamls.com/medellin/la-visitacion/1/228000
500000.0,140.0,3.0,Las Palmas,Medellín,2022-08-28,3.0,6.216628,-75.553579,2.0,1260000000.0,Images/228011.jpeg,https://www.redinmobiliariamls.com/medellin/las-palmas/1/228011
1178000.0,266.0,3.0,Usaquen,Bogotá,2022-08-28,3.0,4.681064,-74.053053,2.0,1500000000.0,Images/228020.jpeg,https://www.redinmobiliariamls.com/bogota/usaquen/1/228020
,189.0,3.0,El Diamante Nº 2,Medellín,2022-08-28,3.0,6.18707,-75.577726,2.0,1450000000.0,Images/228036.jpeg,https://www.redinmobiliariamls.com/medellin/el-diamante-n-2/1/228036
80000.0,41.14,1.0,Trapiche,Bello,2022-08-28,2.0,6.338502,-75.571571,0.0,130000000.0,Images/228040.jpeg,https://www.redinmobiliariamls.com/bello/trapiche/1/228040
680000.0,188.0,3.0,El Poblado,Medellín,2022-08-28,3.0,6.201066,-75.558611,3.0,780000000.0,Images/228058.jpeg,https://www.redinmobiliariamls.com/medellin/el-poblado/1/228058
142000.0,57.0,2.0,V. Fontibon ,Rionegro,2022-08-28,2.0,6.256602,-75.575637,1.0,260000000.0,Images/228072.jpeg,https://www.redinmobiliariamls.com/rionegro/v-fontibon-/1/228072
142000.0,60.58,2.0,V. Fontibon ,Rionegro,2022-08-28,2.0,6.256602,-75.575637,1.0,300000000.0,Images/228074.jpeg,https://www.redinmobiliariamls.com/rionegro/v-fontibon-/1/228074
380000.0,108.0,2.0,Cedritos,Bogotá,2022-08-28,3.0,4.737284,-74.037654,2.0,450000000.0,Images/228081.jpeg,https://www.redinmobiliariamls.com/bogota/cedritos/1/228081
380900.0,112.85,2.0,Conquistadores,Medellín,2022-08-28,3.0,6.240059,-75.579292,2.0,490000000.0,Images/228106.jpeg,https://www.redinmobiliariamls.com/medellin/conquistadores/1/228106
170000.0,60.0,2.0,Niquia,Bello,2022-08-28,3.0,6.338596,-75.552204,1.0,210000000.0,Images/228118.jpeg,https://www.redinmobiliariamls.com/bello/niquia/1/228118
268000.0,79.53,2.0,V. Ojo de Agua,Rionegro,2022-08-28,3.0,6.149018,-75.378952,1.0,510000000.0,Images/228124.jpeg,https://www.redinmobiliariamls.com/rionegro/v-ojo-de-agua/1/228124
704000.0,306.0,3.0,Loma de Las Brujas,Envigado,2022-08-28,4.0,6.163569,-75.579357,1.0,1200000000.0,Images/228129.jpeg,https://www.redinmobiliariamls.com/envigado/loma-de-las-brujas/1/228129
,88.03,2.0,Simón Bolívar,Medellín,2022-08-28,3.0,6.244848,-75.60674,1.0,400000000.0,Images/228130.jpeg,https://www.redinmobiliariamls.com/medellin/simon-bolivar/1/228130
392600.0,83.0,2.0,Los Colores,Medellín,2022-08-28,3.0,6.261183,-75.586443,1.0,430000000.0,Images/228150.jpeg,https://www.redinmobiliariamls.com/medellin/los-colores/1/228150
220000.0,127.0,3.0,Los Almendros,Medellín,2022-08-09,3.0,6.236747,-75.598641,1.0,559000000.0,Images/228200.jpeg,https://www.redinmobiliariamls.com/medellin/los-almendros/1/228200
150000.0,60.0,2.0,Las Lomitas,Sabaneta,2022-08-28,2.0,6.153137,-75.610306,1.0,258000000.0,Images/228210.jpeg,https://www.redinmobiliariamls.com/sabaneta/las-lomitas/1/228210
847000.0,297.0,4.0,Centro,Medellín,2022-08-28,4.0,6.256602,-75.575637,1.0,590000000.0,Images/228222.jpeg,https://www.redinmobiliariamls.com/medellin/centro/1/228222
,50.85,1.0,Ciudad del Rio,Medellín,2022-08-28,1.0,6.224322,-75.573256,1.0,410556000.0,Images/228225.jpeg,https://www.redinmobiliariamls.com/medellin/ciudad-del-rio/1/228225
500000.0,196.0,3.0,La Tomatera,Medellín,2022-08-28,3.0,6.256602,-75.575637,2.0,1250000000.0,Images/228234.jpeg,https://www.redinmobiliariamls.com/medellin/la-tomatera/1/228234
,150.0,3.0,El Rincón,Medellín,2022-08-28,7.0,6.213951,-75.599687,0.0,295000000.0,Images/228238.jpeg,https://www.redinmobiliariamls.com/medellin/el-rincon/1/228238
555000.0,84.0,2.0,La Frontera,Envigado,2022-08-28,3.0,6.256602,-75.575637,1.0,380000000.0,Images/228245.jpeg,https://www.redinmobiliariamls.com/envigado/la-frontera/1/228245
200000.0,87.0,2.0,Robledo,Medellín,2022-08-28,4.0,6.277718,-75.594091,0.0,285000000.0,Images/228247.jpeg,https://www.redinmobiliariamls.com/medellin/robledo/1/228247
250000.0,98.45,2.0,El Chinguí,Envigado,2022-08-28,2.0,6.154695,-75.575219,1.0,420000000.0,Images/228264.jpeg,https://www.redinmobiliariamls.com/envigado/el-chingui/1/228264
815000.0,250.0,3.0,San Lucas,Medellín,2022-08-28,2.0,6.182486,-75.5653,2.0,1800000000.0,Images/228282.jpeg,https://www.redinmobiliariamls.com/medellin/san-lucas/1/228282
315000.0,124.0,3.0,Loma de Cumbres,Envigado,2022-08-28,3.0,6.165947,-75.570704,2.0,570000000.0,Images/228295.jpeg,https://www.redinmobiliariamls.com/envigado/loma-de-cumbres/1/228295
140000.0,69.0,2.0,Autopista (Marinilla),Marinilla,2022-08-28,3.0,6.256602,-75.575637,1.0,230000000.0,Images/228307.jpeg,https://www.redinmobiliariamls.com/marinilla/autopista-marinilla/1/228307
,107.51,2.0,Girardot,Medellín,2022-08-28,3.0,6.297207,-75.567637,0.0,240000000.0,Images/228318.jpeg,https://www.redinmobiliariamls.com/medellin/girardot/1/228318
208000.0,76.0,2.0,Virgen del Carmen,Sabaneta,2022-08-28,3.0,6.153856,-75.606928,1.0,350000000.0,Images/228319.jpeg,https://www.redinmobiliariamls.com/sabaneta/virgen-del-carmen/1/228319
,43.76,1.0,Autopista (Marinilla),Marinilla,2022-08-28,1.0,6.256602,-75.575637,1.0,230000000.0,Images/228325.jpeg,https://www.redinmobiliariamls.com/marinilla/autopista-marinilla/1/228325
150000.0,37.0,1.0,Calasanz Parte Alta,Medellín,2022-08-28,1.0,6.270188,-75.603921,0.0,175000000.0,Images/228366.jpeg,https://www.redinmobiliariamls.com/medellin/calasanz-parte-alta/1/228366
442000.0,92.4,2.0,El Castillo,Medellín,2022-08-09,2.0,6.191432,-75.573221,2.0,620000000.0,Images/228374.jpeg,https://www.redinmobiliariamls.com/medellin/el-castillo/1/228374
306000.0,83.0,2.0,La Pilarica,Medellín,2022-08-09,2.0,6.256602,-75.575637,1.0,396000000.0,Images/228388.jpeg,https://www.redinmobiliariamls.com/medellin/la-pilarica/1/228388
,652.0,2.0,Alcaravanes,Marinilla,2022-08-28,3.0,6.256602,-75.575637,1.0,307000000.0,Images/228400.jpeg,https://www.redinmobiliariamls.com/marinilla/alcaravanes/1/228400
,59.0,2.0,Alcaravanes,Marinilla,2022-08-28,3.0,6.256602,-75.575637,1.0,300000000.0,Images/228416.jpeg,https://www.redinmobiliariamls.com/marinilla/alcaravanes/1/228416
340000.0,81.28,2.0,Loma del Escobero,Envigado,2022-08-28,2.0,6.256602,-75.575637,1.0,600000000.0,Images/228435.jpeg,https://www.redinmobiliariamls.com/envigado/loma-del-escobero/1/228435
,127.0,2.0,Las Brisas,Medellín,2022-08-28,3.0,6.305795,-75.564934,0.0,345000000.0,Images/228453.jpeg,https://www.redinmobiliariamls.com/medellin/las-brisas/1/228453
200000.0,69.8,2.0,Asdesillas,Sabaneta,2022-08-28,3.0,6.146404,-75.613004,1.0,375000000.0,Images/228460.jpeg,https://www.redinmobiliariamls.com/sabaneta/asdesillas/1/228460
1100000.0,384.76,5.0,San Lucas,Medellín,2022-08-28,3.0,6.18268,-75.572377,5.0,1500000000.0,Images/228462.jpeg,https://www.redinmobiliariamls.com/medellin/san-lucas/1/228462
282309.0,86.0,2.0,Otraparte,Envigado,2022-08-28,2.0,6.179942,-75.586623,1.0,480000000.0,Images/228492.jpeg,https://www.redinmobiliariamls.com/envigado/otraparte/1/228492
140000.0,60.0,2.0,La Doctora,Sabaneta,2022-08-28,3.0,6.143066,-75.6109,1.0,230000000.0,Images/228501.jpeg,https://www.redinmobiliariamls.com/sabaneta/la-doctora/1/228501
200000.0,64.0,2.0,Sector Los Colegios,Rionegro,2022-08-28,3.0,6.142602,-75.379943,1.0,370000000.0,Images/228504.jpeg,https://www.redinmobiliariamls.com/rionegro/sector-los-colegios/1/228504
170000.0,56.6,2.0,V. Fontibon ,Rionegro,2022-08-09,2.0,6.149018,-75.378952,1.0,250000000.0,Images/228532.jpeg,https://www.redinmobiliariamls.com/rionegro/v-fontibon-/1/228532
170000.0,49.4,2.0,V. Fontibon ,Rionegro,2022-08-28,2.0,4.669094,-74.098168,1.0,230000000.0,Images/228534.jpeg,https://www.redinmobiliariamls.com/rionegro/v-fontibon-/1/228534
150000.0,65.5,2.0,Alcaravanes,Marinilla,2022-08-28,3.0,6.174193,-75.336496,1.0,317000000.0,Images/228536.jpeg,https://www.redinmobiliariamls.com/marinilla/alcaravanes/1/228536
90000.0,93.0,2.0,Lorena,Medellín,2022-08-28,3.0,6.256602,-75.575637,0.0,295000000.0,Images/228551.jpeg,https://www.redinmobiliariamls.com/medellin/lorena/1/228551
634000.0,167.63,2.0,Alto de las Palmas ,Envigado,2022-08-28,2.0,6.155446,-75.530447,2.0,900000000.0,Images/228560.jpeg,https://www.redinmobiliariamls.com/envigado/alto-de-las-palmas-/1/228560
1391500.0,497.0,5.0,La Tomatera,Medellín,2022-08-28,4.0,6.206995,-75.569767,3.0,1750000000.0,Images/228569.jpeg,https://www.redinmobiliariamls.com/medellin/la-tomatera/1/228569
2004000.0,665.46,5.0,La Tomatera,Medellín,2022-08-28,4.0,6.203341,-75.566164,6.0,2950000000.0,Images/228570.jpeg,https://www.redinmobiliariamls.com/medellin/la-tomatera/1/228570
150000.0,60.0,2.0,Las Lomitas,Sabaneta,2022-08-28,2.0,6.256602,-75.575637,1.0,257000000.0,Images/228597.jpeg,https://www.redinmobiliariamls.com/sabaneta/las-lomitas/1/228597
,64.0,2.0,Guayabal,Medellín,2022-08-28,3.0,6.256602,-75.575637,0.0,185000000.0,Images/228601.jpeg,https://www.redinmobiliariamls.com/medellin/guayabal/1/228601
370000.0,136.0,3.0,Castropol,Medellín,2022-08-09,3.0,6.214986,-75.565879,2.0,870000000.0,Images/228604.jpeg,https://www.redinmobiliariamls.com/medellin/castropol/1/228604
446400.0,67.0,1.0,Chapinero Alto,Bogotá,2022-08-28,1.0,4.672902,-74.05875,1.0,520000000.0,Images/228609.jpeg,https://www.redinmobiliariamls.com/bogota/chapinero-alto/1/228609
131000.0,52.2,2.0,V. La Laja,Rionegro,2022-08-28,2.0,6.256602,-75.575637,0.0,165000000.0,Images/228623.jpeg,https://www.redinmobiliariamls.com/rionegro/v-la-laja/1/228623
160000.0,77.0,2.0,Sector Los Colegios,Rionegro,2022-08-28,3.0,6.123486,-75.425262,1.0,425000000.0,Images/228649.jpeg,https://www.redinmobiliariamls.com/rionegro/sector-los-colegios/1/228649
123000.0,43.0,1.0,V. Belén (Marinilla),Marinilla,2022-08-28,1.0,6.168544,-75.325698,1.0,230000000.0,Images/228653.jpeg,https://www.redinmobiliariamls.com/marinilla/v-belen-marinilla/1/228653
,50.0,2.0,V. Primavera,Caldas,2022-08-09,3.0,6.106986,-75.637988,0.0,150000000.0,Images/228658.jpeg,https://www.redinmobiliariamls.com/caldas/v-primavera/1/228658
,50.0,2.0,V. Primavera,Caldas,2022-08-28,3.0,6.106986,-75.637988,0.0,145000000.0,Images/228659.jpeg,https://www.redinmobiliariamls.com/caldas/v-primavera/1/228659
282000.0,94.0,2.0,Aves Marías,Sabaneta,2022-08-28,3.0,6.256602,-75.575637,1.0,420000000.0,Images/228676.jpeg,https://www.redinmobiliariamls.com/sabaneta/aves-marias/1/228676
613000.0,134.0,2.0,Las Lomas Nº 2,Medellín,2022-08-28,3.0,6.211268,-75.55801,2.0,530000000.0,Images/228683.jpeg,https://www.redinmobiliariamls.com/medellin/las-lomas-n-2/1/228683
,73.0,2.0,San José Obrero,Bello,2022-08-28,3.0,6.256602,-75.575637,1.0,345000000.0,Images/228707.jpeg,https://www.redinmobiliariamls.com/bello/san-jose-obrero/1/228707
500000.0,164.0,3.0,Bosques de Zuñiga,Envigado,2022-08-28,3.0,6.184007,-75.58104,2.0,750000000.0,Images/228709.jpeg,https://www.redinmobiliariamls.com/envigado/bosques-de-zuniga/1/228709
350000.0,130.0,3.0,Laureles,Medellín,2022-08-28,3.0,6.256602,-75.575637,1.0,499000000.0,Images/228728.jpeg,https://www.redinmobiliariamls.com/medellin/laureles/1/228728
,43.61,1.0,Calle Vieja,Bello,2022-08-28,2.0,6.335348,-75.558753,1.0,160000000.0,Images/228732.jpeg,https://www.redinmobiliariamls.com/bello/calle-vieja/1/228732
639000.0,172.0,3.0,Los Bósques,Medellín,2022-08-09,3.0,6.211961,-75.548866,2.0,1426000000.0,Images/228744.jpeg,https://www.redinmobiliariamls.com/medellin/los-bosques/1/228744
780000.0,208.81,2.0,Loma de Las Brujas,Envigado,2022-08-28,2.0,6.157579,-75.572605,2.0,1380000000.0,Images/228773.jpeg,https://www.redinmobiliariamls.com/envigado/loma-de-las-brujas/1/228773
285000.0,97.43,2.0,Loma del Escobero,Envigado,2022-08-28,3.0,6.256602,-75.575637,1.0,495000000.0,Images/228803.jpeg,https://www.redinmobiliariamls.com/envigado/loma-del-escobero/1/228803
83400.0,67.82,1.0,Niquia,Bello,2022-08-28,3.0,6.342221,-75.546449,0.0,200000000.0,Images/228815.jpeg,https://www.redinmobiliariamls.com/bello/niquia/1/228815
200000.0,65.0,2.0,Las Palmas,Medellín,2022-08-09,2.0,6.184072,-75.562583,1.0,415000000.0,Images/228824.jpeg,https://www.redinmobiliariamls.com/medellin/las-palmas/1/228824
230552.0,69.99,2.0,Ditaires,Itagüí,2022-08-28,3.0,6.167205,-75.631762,1.0,320000000.0,Images/228844.jpeg,https://www.redinmobiliariamls.com/itagi/ditaires/1/228844
425000.0,160.0,3.0,Aves Marías,Sabaneta,2022-08-28,3.0,6.256602,-75.575637,2.0,600000000.0,Images/228853.jpeg,https://www.redinmobiliariamls.com/sabaneta/aves-marias/1/228853
160000.0,77.0,2.0,Sector Los Colegios,Rionegro,2022-08-28,3.0,6.123486,-75.425262,1.0,425000000.0,Images/228864.jpeg,https://www.redinmobiliariamls.com/rionegro/sector-los-colegios/1/228864
538000.0,112.6,3.0,Loma de los Parra,Medellín,2022-08-28,3.0,6.202605,-75.568084,1.0,840000000.0,Images/228882.jpeg,https://www.redinmobiliariamls.com/medellin/loma-de-los-parra/1/228882
,65.0,2.0,Las Palmas,Medellín,2022-08-28,2.0,6.240462,-75.545418,1.0,415000000.0,Images/228886.jpeg,https://www.redinmobiliariamls.com/medellin/las-palmas/1/228886
,58.0,2.0,V. Fontibon ,Rionegro,2022-08-28,3.0,6.151477,-75.368957,1.0,240000000.0,Images/228919.jpeg,https://www.redinmobiliariamls.com/rionegro/v-fontibon-/1/228919
387300.0,104.0,2.0,Castropol,Medellín,2022-08-28,2.0,6.220321,-75.567265,2.0,675000000.0,Images/228930.jpeg,https://www.redinmobiliariamls.com/medellin/castropol/1/228930
185000.0,70.0,2.0,Machado,Copacabana,2022-08-28,3.0,6.333359,-75.533318,1.0,220000000.0,Images/228936.jpeg,https://www.redinmobiliariamls.com/copacabana/machado/1/228936
450000.0,103.15,2.0,Las Acacias,Medellín,2022-08-28,3.0,6.242148,-75.601171,2.0,650000000.0,Images/228941.jpeg,https://www.redinmobiliariamls.com/medellin/las-acacias/1/228941
359000.0,166.0,3.0,Conquistadores,Medellín,2022-08-28,4.0,6.241601,-75.58597,1.0,480000000.0,Images/228959.jpeg,https://www.redinmobiliariamls.com/medellin/conquistadores/1/228959
500000.0,168.0,3.0,El Poblado,Medellín,2022-08-28,4.0,6.256602,-75.575637,2.0,750000000.0,Images/228963.jpeg,https://www.redinmobiliariamls.com/medellin/el-poblado/1/228963
,53.49,1.0,Loma del Escobero,Envigado,2022-08-28,1.0,6.162821,-75.569891,1.0,435000000.0,Images/228970.jpeg,https://www.redinmobiliariamls.com/envigado/loma-del-escobero/1/228970
446700.0,54.27,1.0,Loma del Escobero,Envigado,2022-08-28,1.0,6.162821,-75.569891,1.0,438000000.0,Images/228971.jpeg,https://www.redinmobiliariamls.com/envigado/loma-del-escobero/1/228971
220038.0,59.71,2.0,Asdesillas,Sabaneta,2022-08-28,2.0,6.152309,-75.606009,,320000000.0,Images/228982.jpeg,https://www.redinmobiliariamls.com/sabaneta/asdesillas/1/228982
1682393.0,153.37,2.0,El Tesoro,Medellín,2022-08-28,2.0,6.256602,-75.575637,2.0,1450000000.0,Images/228994.jpeg,https://www.redinmobiliariamls.com/medellin/el-tesoro/1/228994
980000.0,340.0,3.0,Las Lomas Nº 2,Medellín,2022-08-28,4.0,6.217844,-75.560497,3.0,1350000000.0,Images/229029.jpeg,https://www.redinmobiliariamls.com/medellin/las-lomas-n-2/1/229029
196000.0,56.6,2.0,V. Fontibon ,Rionegro,2022-08-28,2.0,6.256602,-75.575637,1.0,240000000.0,Images/229051.jpeg,https://www.redinmobiliariamls.com/rionegro/v-fontibon-/1/229051
246200.0,85.0,2.0,Suramérica,Itagüí,2022-08-28,3.0,6.162562,-75.633242,1.0,360000000.0,Images/229053.jpeg,https://www.redinmobiliariamls.com/itagi/suramerica/1/229053
683000.0,227.0,3.0,El Campestre,Medellín,2022-08-28,4.0,6.256602,-75.575637,2.0,800000000.0,Images/229059.jpeg,https://www.redinmobiliariamls.com/medellin/el-campestre/1/229059
,57.6,2.0,V. Fontibon ,Rionegro,2022-08-28,2.0,6.156464,-75.374571,1.0,280000000.0,Images/229062.jpeg,https://www.redinmobiliariamls.com/rionegro/v-fontibon-/1/229062
,60.65,2.0,V. Fontibon ,Rionegro,2022-08-28,2.0,6.167315,-75.381696,1.0,295000000.0,Images/229064.jpeg,https://www.redinmobiliariamls.com/rionegro/v-fontibon-/1/229064
250000.0,99.88,2.0,Aves Marías,Sabaneta,2022-08-28,3.0,6.14544,-75.611895,1.0,417000000.0,Images/229071.jpeg,https://www.redinmobiliariamls.com/sabaneta/aves-marias/1/229071
783000.0,235.0,5.0,Loma de Benedictinos,Envigado,2022-08-28,4.0,6.178538,-75.571967,3.0,1200000000.0,Images/229076.jpeg,https://www.redinmobiliariamls.com/envigado/loma-de-benedictinos/1/229076
150000.0,37.0,1.0,Calasanz,Medellín,2022-08-28,2.0,6.265354,-75.601372,1.0,180000000.0,Images/229113.jpeg,https://www.redinmobiliariamls.com/medellin/calasanz/1/229113
,67.71,2.0,San Antonio de Pereira,Rionegro,2022-08-28,1.0,6.125537,-75.378885,1.0,389000000.0,Images/229124.jpeg,https://www.redinmobiliariamls.com/rionegro/san-antonio-de-pereira/1/229124
,47.0,1.0,Suramérica,Itagüí,2022-08-28,1.0,6.1642,-75.637398,1.0,220000000.0,Images/229131.jpeg,https://www.redinmobiliariamls.com/itagi/suramerica/1/229131
325100.0,113.4,2.0,Loma del Escobero,Envigado,2022-08-28,3.0,6.165267,-75.575461,1.0,460000000.0,Images/229136.jpeg,https://www.redinmobiliariamls.com/envigado/loma-del-escobero/1/229136
166000.0,65.5,2.0,San Javier Nº 1,Medellín,2022-08-28,2.0,6.255458,-75.614355,1.0,290000000.0,Images/229157.jpeg,https://www.redinmobiliariamls.com/medellin/san-javier-n-1/1/229157
,91.0,2.0,Lalinde,Medellín,2022-08-28,2.0,6.212284,-75.569069,2.0,730000000.0,Images/229164.jpeg,https://www.redinmobiliariamls.com/medellin/lalinde/1/229164
324000.0,90.0,2.0,Castropol,Medellín,2022-08-28,2.0,6.222377,-75.567687,1.0,435000000.0,Images/229177.jpeg,https://www.redinmobiliariamls.com/medellin/castropol/1/229177
95900.0,40.4,1.0,Buenos Aires,Medellín,2022-08-28,2.0,6.257346,-75.613557,0.0,130000000.0,Images/229191.jpeg,https://www.redinmobiliariamls.com/medellin/buenos-aires/1/229191
696000.0,75.0,2.0,Alto de las Palmas ,Envigado,2022-08-28,1.0,6.256602,-75.575637,1.0,738000000.0,Images/229192.jpeg,https://www.redinmobiliariamls.com/envigado/alto-de-las-palmas-/1/229192
250000.0,85.0,2.0,Suramérica,La Estrella,2022-08-09,3.0,6.256602,-75.575637,1.0,400000000.0,Images/229195.jpeg,https://www.redinmobiliariamls.com/la-estrella/suramerica/1/229195
346000.0,184.0,2.0,Aves Marías,Sabaneta,2022-08-28,2.0,6.256602,-75.575637,2.0,550000000.0,Images/229196.jpeg,https://www.redinmobiliariamls.com/sabaneta/aves-marias/1/229196
443700.0,103.03,1.0,Calasanz,Medellín,2022-08-28,3.0,6.256602,-75.575637,2.0,540000000.0,Images/229222.jpeg,https://www.redinmobiliariamls.com/medellin/calasanz/1/229222
176000.0,83.0,2.0,La América,Medellín,2022-08-28,3.0,6.25286,-75.605891,1.0,310000000.0,Images/229247.jpeg,https://www.redinmobiliariamls.com/medellin/la-america/1/229247
598000.0,181.0,3.0,Laureles,Medellín,2022-08-28,5.0,6.256602,-75.575637,2.0,670000000.0,Images/229255.jpeg,https://www.redinmobiliariamls.com/medellin/laureles/1/229255
460000.0,189.0,3.0,Loma de Las Brujas,Envigado,2022-08-28,3.0,6.256602,-75.575637,2.0,1170000000.0,Images/229263.jpeg,https://www.redinmobiliariamls.com/envigado/loma-de-las-brujas/1/229263
,70.0,2.0,Las Palmas,Medellín,2022-08-28,3.0,6.256602,-75.575637,1.0,490000000.0,Images/229281.jpeg,https://www.redinmobiliariamls.com/medellin/las-palmas/1/229281
400000.0,136.0,3.0,Oviedo,Medellín,2022-08-28,3.0,6.198159,-75.575426,2.0,710000000.0,Images/229307.jpeg,https://www.redinmobiliariamls.com/medellin/oviedo/1/229307
368000.0,94.7,2.0,Lalinde,Medellín,2022-08-28,2.0,6.212358,-75.568779,2.0,780000000.0,Images/229355.jpeg,https://www.redinmobiliariamls.com/medellin/lalinde/1/229355
400000.0,114.0,3.0,Señorial,Envigado,2022-08-28,3.0,6.256602,-75.575637,2.0,612000000.0,Images/229365.jpeg,https://www.redinmobiliariamls.com/envigado/senorial/1/229365
,106.0,3.0,Las Margaritas,Caldas,2022-08-28,4.0,6.095793,-75.63812,0.0,170000000.0,Images/229405.jpeg,https://www.redinmobiliariamls.com/caldas/las-margaritas/1/229405
184400.0,69.34,2.0,Ditaires,Itagüí,2022-08-28,3.0,6.167119,-75.631762,1.0,325000000.0,Images/229431.jpeg,https://www.redinmobiliariamls.com/itagi/ditaires/1/229431
300000.0,136.0,2.0,El Portal,Envigado,2022-08-28,3.0,6.256602,-75.575637,1.0,520000000.0,Images/229458.jpeg,https://www.redinmobiliariamls.com/envigado/el-portal/1/229458
85000.0,41.14,1.0,Trapiche,Bello,2022-08-28,2.0,6.339291,-75.571324,0.0,130000000.0,Images/229479.jpeg,https://www.redinmobiliariamls.com/bello/trapiche/1/229479
917000.0,250.0,3.0,La Calera,Medellín,2022-08-28,3.0,6.256602,-75.575637,2.0,1375000000.0,Images/229498.jpeg,https://www.redinmobiliariamls.com/medellin/la-calera/1/229498
,195.0,5.0,Santa Maria de los Angeles,Medellín,2022-08-28,3.0,6.190701,-75.578395,3.0,1462500000.0,Images/229501.jpeg,https://www.redinmobiliariamls.com/medellin/santa-maria-de-los-angeles/1/229501
138100.0,52.0,2.0,El Rodeo,Medellín,2022-08-28,3.0,6.256602,-75.575637,1.0,230000000.0,Images/229510.jpeg,https://www.redinmobiliariamls.com/medellin/el-rodeo/1/229510
,82.3,2.0,La Florida,Sabaneta,2022-08-28,2.0,6.152062,-75.611726,1.0,440000000.0,Images/229516.jpeg,https://www.redinmobiliariamls.com/sabaneta/la-florida/1/229516
360458.0,92.94,2.0,V. Pan de Azúcar,Sabaneta,2022-08-28,3.0,6.145893,-75.624363,2.0,507000000.0,Images/229527.jpeg,https://www.redinmobiliariamls.com/sabaneta/v-pan-de-azucar/1/229527
800000.0,300.0,4.0,Los Balsos Nº 1,Medellín,2022-08-28,3.0,6.256602,-75.575637,3.0,2500000000.0,Images/229552.jpeg,https://www.redinmobiliariamls.com/medellin/los-balsos-n-1/1/229552
173981.0,70.0,2.0,San Javier Nº 1,Medellín,2022-08-28,3.0,6.256602,-75.575637,1.0,220000000.0,Images/229554.jpeg,https://www.redinmobiliariamls.com/medellin/san-javier-n-1/1/229554
200000.0,130.0,2.0,Las Acacias,Medellín,2022-08-28,2.0,6.256602,-75.575637,1.0,520000000.0,Images/229555.jpeg,https://www.redinmobiliariamls.com/medellin/las-acacias/1/229555
270000.0,118.0,4.0,Los Colores,Medellín,2022-08-28,4.0,6.256602,-75.575637,2.0,560000000.0,Images/229557.jpeg,https://www.redinmobiliariamls.com/medellin/los-colores/1/229557
806100.0,329.4,2.0,Los Balsos Nº 2,Medellín,2022-08-28,3.0,6.186208,-75.561132,3.0,990000000.0,Images/229563.jpeg,https://www.redinmobiliariamls.com/medellin/los-balsos-n-2/1/229563
,44.03,1.0,Sucre,Medellín,2022-08-09,3.0,6.247825,-75.549544,0.0,105000000.0,Images/229580.jpeg,https://www.redinmobiliariamls.com/medellin/sucre/1/229580
1227818.0,260.0,3.0,El Castillo,Medellín,2022-08-28,4.0,6.191885,-75.56747,3.0,1250000000.0,Images/229587.jpeg,https://www.redinmobiliariamls.com/medellin/el-castillo/1/229587
434300.0,75.81,2.0,Alto de las Palmas ,Envigado,2022-08-28,1.0,6.152187,-75.532813,2.0,570000000.0,Images/229618.jpeg,https://www.redinmobiliariamls.com/envigado/alto-de-las-palmas-/1/229618
,30.0,2.0,Calatrava,Itagüí,2022-08-28,4.0,6.256602,-75.575637,0.0,220000000.0,Images/229628.jpeg,https://www.redinmobiliariamls.com/itagi/calatrava/1/229628
423000.0,112.2,2.0,Bosques de Zuñiga,Envigado,2022-08-28,3.0,6.185537,-75.582121,1.0,600000000.0,Images/229634.jpeg,https://www.redinmobiliariamls.com/envigado/bosques-de-zuniga/1/229634
,81.5,2.0,La Mina,Envigado,2022-08-28,4.0,6.256602,-75.575637,0.0,301000000.0,Images/229638.jpeg,https://www.redinmobiliariamls.com/envigado/la-mina/1/229638
324900.0,126.0,2.0,Villagrande,Envigado,2022-08-28,3.0,6.183191,-75.584525,1.0,430000000.0,Images/229665.jpeg,https://www.redinmobiliariamls.com/envigado/villagrande/1/229665
809000.0,347.88,3.0,Centro,Medellín,2022-08-28,4.0,6.252887,-75.564103,2.0,600000000.0,Images/229690.jpeg,https://www.redinmobiliariamls.com/medellin/centro/1/229690
530000.0,176.0,3.0,El Diamante Nº 2,Medellín,2022-08-28,3.0,6.256602,-75.575637,1.0,550000000.0,Images/229719.jpeg,https://www.redinmobiliariamls.com/medellin/el-diamante-n-2/1/229719
,64.0,1.0,Viviendas del Sur,Itagüí,2022-08-28,3.0,6.196048,-75.595548,1.0,315000000.0,Images/229721.jpeg,https://www.redinmobiliariamls.com/itagi/viviendas-del-sur/1/229721
179900.0,64.5,2.0,Centro,Itagüí,2022-08-28,3.0,6.17612,-75.607977,1.0,300000000.0,Images/229729.jpeg,https://www.redinmobiliariamls.com/itagi/centro/1/229729
,51.0,1.0,Calatrava,Itagüí,2022-08-28,3.0,6.180645,-75.610557,0.0,166000000.0,Images/229748.jpeg,https://www.redinmobiliariamls.com/itagi/calatrava/1/229748
204000.0,50.0,2.0,Niquia,Bello,2022-08-28,2.0,6.256602,-75.575637,1.0,165000000.0,Images/229765.jpeg,https://www.redinmobiliariamls.com/bello/niquia/1/229765
539000.0,128.99,3.0,La Pilarica,Medellín,2022-08-28,4.0,6.274851,-75.583438,2.0,510000000.0,Images/229845.jpeg,https://www.redinmobiliariamls.com/medellin/la-pilarica/1/229845
370000.0,134.0,3.0,Loma de Benedictinos,Envigado,2022-08-28,3.0,6.178154,-75.572959,2.0,820000000.0,Images/229861.jpeg,https://www.redinmobiliariamls.com/envigado/loma-de-benedictinos/1/229861
150000.0,66.0,2.0,Urbano (La Ceja),La Ceja,2022-08-28,3.0,6.027213,-75.421829,1.0,280000000.0,Images/229881.jpeg,https://www.redinmobiliariamls.com/la-ceja/urbano-la-ceja/1/229881
482000.0,103.0,2.0,Aves Marías,Sabaneta,2022-08-28,2.0,6.146096,-75.611728,2.0,498000000.0,Images/229883.jpeg,https://www.redinmobiliariamls.com/sabaneta/aves-marias/1/229883
332000.0,82.0,2.0,La Pilarica,Medellín,2022-08-28,3.0,6.256602,-75.575637,1.0,380000000.0,Images/229938.jpeg,https://www.redinmobiliariamls.com/medellin/la-pilarica/1/229938
820000.0,205.0,5.0,Santa Maria de los Angeles,Medellín,2022-08-28,3.0,6.1922,-75.576649,3.0,1639000000.0,Images/229939.jpeg,https://www.redinmobiliariamls.com/medellin/santa-maria-de-los-angeles/1/229939
750000.0,150.0,3.0,Las Lomas Nº 2,Medellín,2022-08-09,3.0,6.256602,-75.575637,2.0,860000000.0,Images/229940.jpeg,https://www.redinmobiliariamls.com/medellin/las-lomas-n-2/1/229940
330000.0,52.0,1.0,Alto del escobero (Envigado),Envigado,2022-08-28,1.0,6.256602,-75.575637,1.0,440000000.0,Images/229941.jpeg,https://www.redinmobiliariamls.com/envigado/alto-del-escobero-envigado/1/229941
256000.0,82.6,2.0,San José Obrero,Bello,2022-08-28,3.0,6.324981,-75.560917,1.0,371700000.0,Images/229952.jpeg,https://www.redinmobiliariamls.com/bello/san-jose-obrero/1/229952
181400.0,70.56,2.0,Niquia,Bello,2022-08-28,3.0,6.338336,-75.540952,1.0,280000000.0,Images/229956.jpeg,https://www.redinmobiliariamls.com/bello/niquia/1/229956
,68.98,2.0,Santa María,Itagüí,2022-08-28,3.0,6.19592,-75.595634,1.0,320000000.0,Images/229962.jpeg,https://www.redinmobiliariamls.com/itagi/santa-maria/1/229962
245000.0,56.0,1.0,Rural,San Jerónimo,2022-08-28,2.0,6.445288,-75.735277,1.0,230000000.0,Images/229963.jpeg,https://www.redinmobiliariamls.com/san-jeronimo/rural/1/229963
282000.0,76.0,2.0,La Paz,Envigado,2022-08-28,3.0,6.163276,-75.59552,1.0,370000000.0,Images/229968.jpeg,https://www.redinmobiliariamls.com/envigado/la-paz/1/229968
567000.0,164.69,3.0,La Aguacatala,Medellín,2022-08-09,4.0,6.256602,-75.575637,2.0,580000000.0,Images/229969.jpeg,https://www.redinmobiliariamls.com/medellin/la-aguacatala/1/229969
1200000.0,400.0,4.0,El Campestre,Medellín,2022-08-28,5.0,6.189618,-75.576352,3.0,1250000000.0,Images/229977.jpeg,https://www.redinmobiliariamls.com/medellin/el-campestre/1/229977
125000.0,120.0,3.0,Fátima,Medellín,2022-08-09,3.0,6.236454,-75.588528,1.0,430000000.0,Images/229993.jpeg,https://www.redinmobiliariamls.com/medellin/fatima/1/229993
,122.0,2.0,La Doctora,Sabaneta,2022-08-28,3.0,6.143663,-75.614653,1.0,426500000.0,Images/230000.jpeg,https://www.redinmobiliariamls.com/sabaneta/la-doctora/1/230000
292000.0,62.15,1.0,Las Antillas,Envigado,2022-08-09,3.0,6.256602,-75.575637,1.0,349000000.0,Images/230002.jpeg,https://www.redinmobiliariamls.com/envigado/las-antillas/1/230002
555400.0,130.0,4.0,Loma de Las Brujas,Envigado,2022-08-09,3.0,6.159944,-75.576004,2.0,870000000.0,Images/230016.jpeg,https://www.redinmobiliariamls.com/envigado/loma-de-las-brujas/1/230016
,56.6,1.0,V. Fontibon ,Rionegro,2022-08-28,2.0,6.163963,-75.373862,1.0,265000000.0,Images/230030.jpeg,https://www.redinmobiliariamls.com/rionegro/v-fontibon-/1/230030
,85.0,2.0,Lalinde,Medellín,2022-08-28,2.0,6.212358,-75.568779,2.0,780000000.0,Images/230040.jpeg,https://www.redinmobiliariamls.com/medellin/lalinde/1/230040
,67.94,1.0,Alto de las Palmas ,Envigado,2022-08-28,1.0,6.160341,-75.516897,0.0,600000000.0,Images/230058.jpeg,https://www.redinmobiliariamls.com/envigado/alto-de-las-palmas-/1/230058
76000.0,128.26,3.0,Laureles,Rionegro,2022-08-28,5.0,6.158824,-75.369953,1.0,399000000.0,Images/230066.jpeg,https://www.redinmobiliariamls.com/rionegro/laureles/1/230066
1183181.0,115.0,2.0,El Tesoro,Medellín,2022-08-28,2.0,6.196348,-75.556461,2.0,790000000.0,Images/230071.jpeg,https://www.redinmobiliariamls.com/medellin/el-tesoro/1/230071
,52.0,2.0,Vergel,San Antonio de Prado,2022-08-28,3.0,6.178381,-75.650845,0.0,205000000.0,Images/230072.jpeg,https://www.redinmobiliariamls.com/san-antonio-de-prado/vergel/1/230072
,75.26,2.0,Playa Rica,Itagüí,2022-08-09,3.0,6.172073,-75.614212,1.0,250000000.0,Images/230079.jpeg,https://www.redinmobiliariamls.com/itagi/playa-rica/1/230079
66000.0,97.4,2.0,El Dorado,Envigado,2022-08-28,3.0,6.167585,-75.589888,1.0,410000000.0,Images/230082.jpeg,https://www.redinmobiliariamls.com/envigado/el-dorado/1/230082
595900.0,64.0,1.0,San Lucas,Medellín,2022-08-28,1.0,6.182037,-75.564239,0.0,450000000.0,Images/230094.jpeg,https://www.redinmobiliariamls.com/medellin/san-lucas/1/230094
,66.0,2.0,Urbano,Marinilla,2022-08-28,2.0,6.172999,-75.337906,1.0,303000000.0,Images/230099.jpeg,https://www.redinmobiliariamls.com/marinilla/urbano/1/230099
553000.0,114.0,2.0,Llanogrande,Rionegro,2022-08-28,2.0,6.256602,-75.575637,2.0,910000000.0,Images/230105.jpeg,https://www.redinmobiliariamls.com/rionegro/llanogrande/1/230105
,79.0,2.0,Loma del Indio,Medellín,2022-08-28,2.0,6.152574,-75.631367,1.0,490000000.0,Images/230110.jpeg,https://www.redinmobiliariamls.com/medellin/loma-del-indio/1/230110
599000.0,199.0,2.0,Centro,Medellín,2022-08-28,3.0,6.256602,-75.575637,2.0,450000000.0,Images/230143.jpeg,https://www.redinmobiliariamls.com/medellin/centro/1/230143
160000.0,57.0,2.0,V. Fontibon ,Rionegro,2022-08-28,3.0,6.145333,-75.375823,1.0,275000000.0,Images/230158.jpeg,https://www.redinmobiliariamls.com/rionegro/v-fontibon-/1/230158
620000.0,161.0,4.0,Santa Teresita,Medellín,2022-08-28,3.0,6.239816,-75.593485,2.0,850000000.0,Images/230159.jpeg,https://www.redinmobiliariamls.com/medellin/santa-teresita/1/230159
205799.0,56.55,2.0,Bomboná Nº 1,Medellín,2022-08-28,2.0,6.244182,-75.559591,0.0,240000000.0,Images/230162.jpeg,https://www.redinmobiliariamls.com/medellin/bombona-n-1/1/230162
,195.0,3.0,Santa Maria de los Angeles,Medellín,2022-08-28,3.0,6.190048,-75.579371,3.0,1440000000.0,Images/230163.jpeg,https://www.redinmobiliariamls.com/medellin/santa-maria-de-los-angeles/1/230163
,149.14,3.0,San Lucas,Medellín,2022-08-09,3.0,6.256602,-75.575637,2.0,2548873000.0,Images/230177.jpeg,https://www.redinmobiliariamls.com/medellin/san-lucas/1/230177
,128.65,2.0,San Lucas,Medellín,2022-08-09,2.0,6.256602,-75.575637,2.0,1396212000.0,Images/230180.jpeg,https://www.redinmobiliariamls.com/medellin/san-lucas/1/230180
,123.62,2.0,San Lucas,Medellín,2022-08-09,2.0,6.256602,-75.575637,2.0,1654528000.0,Images/230181.jpeg,https://www.redinmobiliariamls.com/medellin/san-lucas/1/230181
,128.66,2.0,San Lucas,Medellín,2022-08-09,3.0,6.256602,-75.575637,2.0,1345080000.0,Images/230196.jpeg,https://www.redinmobiliariamls.com/medellin/san-lucas/1/230196
,237.0,3.0,Aranjuez,Medellín,2022-08-28,6.0,6.281798,-75.564623,0.0,440000000.0,Images/230200.jpeg,https://www.redinmobiliariamls.com/medellin/aranjuez/1/230200
,118.81,2.0,San Lucas,Medellín,2022-08-09,2.0,6.256602,-75.575637,1.0,1231520000.0,Images/230201.jpeg,https://www.redinmobiliariamls.com/medellin/san-lucas/1/230201
430000.0,54.57,1.0,Loma del Escobero,Envigado,2022-08-28,1.0,6.15463,-75.566862,1.0,438000000.0,Images/230224.jpeg,https://www.redinmobiliariamls.com/envigado/loma-del-escobero/1/230224
,162.14,4.0,San Lucas,Medellín,2022-08-09,4.0,6.256602,-75.575637,2.0,2202200000.0,Images/230227.jpeg,https://www.redinmobiliariamls.com/medellin/san-lucas/1/230227
,123.62,2.0,San Lucas,Medellín,2022-08-09,2.0,6.256602,-75.575637,2.0,1660528000.0,Images/230228.jpeg,https://www.redinmobiliariamls.com/medellin/san-lucas/1/230228
1244000.0,400.0,5.0,Las Santas,Medellín,2022-08-28,4.0,6.204047,-75.558655,3.0,1450000000.0,Images/230229.jpeg,https://www.redinmobiliariamls.com/medellin/las-santas/1/230229
,243.58,4.0,San Lucas,Medellín,2022-08-09,4.0,6.256602,-75.575637,2.0,2196884000.0,Images/230230.jpeg,https://www.redinmobiliariamls.com/medellin/san-lucas/1/230230
,406.02,4.0,San Lucas,Medellín,2022-08-09,4.0,6.256602,-75.575637,3.0,3806276000.0,Images/230231.jpeg,https://www.redinmobiliariamls.com/medellin/san-lucas/1/230231
,496.77,4.0,San Lucas,Medellín,2022-08-09,4.0,6.256602,-75.575637,3.0,4620016000.0,Images/230233.jpeg,https://www.redinmobiliariamls.com/medellin/san-lucas/1/230233
266000.0,54.7,1.0,Centro,Medellín,2022-08-09,1.0,6.249186,-75.562414,0.0,170000000.0,Images/230242.jpeg,https://www.redinmobiliariamls.com/medellin/centro/1/230242
,113.19,3.0,V. Las Palmas,El Retiro,2022-08-09,3.0,6.062978,-75.504757,2.0,750000000.0,Images/230254.jpeg,https://www.redinmobiliariamls.com/el-retiro/v-las-palmas/1/230254
156000.0,61.0,2.0,San José Obrero,Bello,2022-08-09,3.0,6.274633,-75.564535,1.0,330000000.0,Images/230259.jpeg,https://www.redinmobiliariamls.com/bello/san-jose-obrero/1/230259
461500.0,163.3,2.0,Laureles,Medellín,2022-08-28,4.0,6.241052,-75.59579,1.0,530000000.0,Images/230279.jpeg,https://www.redinmobiliariamls.com/medellin/laureles/1/230279
170000.0,91.0,2.0,Cabañas,Bello,2022-08-09,3.0,6.256602,-75.575637,1.0,360000000.0,Images/230282.jpeg,https://www.redinmobiliariamls.com/bello/cabanas/1/230282
94000.0,57.0,2.0,V. La Doctora,Sabaneta,2022-08-09,2.0,6.143066,-75.6109,1.0,203000000.0,Images/230292.jpeg,https://www.redinmobiliariamls.com/sabaneta/v-la-doctora/1/230292
520000.0,117.72,2.0,San Lucas,Medellín,2022-08-28,3.0,6.183992,-75.572718,2.0,580000000.0,Images/230302.jpeg,https://www.redinmobiliariamls.com/medellin/san-lucas/1/230302
,56.1,2.0,V. Fontibon ,Rionegro,2022-08-28,3.0,6.167707,-75.378126,1.0,250000000.0,Images/230305.jpeg,https://www.redinmobiliariamls.com/rionegro/v-fontibon-/1/230305
,56.6,2.0,V. Fontibon ,Rionegro,2022-08-28,3.0,6.164048,-75.373733,1.0,266000000.0,Images/230319.jpeg,https://www.redinmobiliariamls.com/rionegro/v-fontibon-/1/230319
831000.0,212.0,3.0,San Lucas,Medellín,2022-08-28,3.0,6.1832,-75.565928,3.0,1200000000.0,Images/230325.jpeg,https://www.redinmobiliariamls.com/medellin/san-lucas/1/230325
833400.0,216.0,3.0,El Campestre,Medellín,2022-08-28,3.0,6.186553,-75.56903,3.0,1550000000.0,Images/230329.jpeg,https://www.redinmobiliariamls.com/medellin/el-campestre/1/230329
250000.0,138.0,3.0,Calasanz,Medellín,2022-08-28,4.0,6.263725,-75.60295,1.0,350000000.0,Images/230340.jpeg,https://www.redinmobiliariamls.com/medellin/calasanz/1/230340
,52.45,2.0,Llano De Bolí­var,Santa Fe de Antioquia,2022-08-09,3.0,6.574036,-75.803449,0.0,135000000.0,Images/230341.jpeg,https://www.redinmobiliariamls.com/santa-fe-de-antioquia/llano-de-bolivar/1/230341
,102.27,3.0,El Dorado,Envigado,2022-08-28,3.0,6.165007,-75.589976,0.0,480000000.0,Images/230356.jpeg,https://www.redinmobiliariamls.com/envigado/el-dorado/1/230356
338209.0,151.0,2.0,La Inmaculada,Envigado,2022-08-28,3.0,6.167921,-75.577623,1.0,752000000.0,Images/230363.jpeg,https://www.redinmobiliariamls.com/envigado/la-inmaculada/1/230363
,86.0,2.0,El Dorado,Envigado,2022-08-28,2.0,6.165007,-75.589976,0.0,380000000.0,Images/230369.jpeg,https://www.redinmobiliariamls.com/envigado/el-dorado/1/230369
207000.0,72.0,2.0,Niquia,Bello,2022-08-28,3.0,6.338336,-75.540952,1.0,300000000.0,Images/230373.jpeg,https://www.redinmobiliariamls.com/bello/niquia/1/230373
252000.0,67.0,2.0,La Abadía,Envigado,2022-08-28,2.0,6.170967,-75.573391,1.0,410000000.0,Images/230379.jpeg,https://www.redinmobiliariamls.com/envigado/la-abadia/1/230379
140000.0,63.5,1.0,Cataluña,Centro,2022-08-28,3.0,6.231086,-75.551869,1.0,180000000.0,Images/230380.jpeg,https://www.redinmobiliariamls.com/centro/cataluna/1/230380
390000.0,114.0,2.0,Loma de San Julian,Medellín,2022-08-28,3.0,6.225652,-75.566923,2.0,570000000.0,Images/230386.jpeg,https://www.redinmobiliariamls.com/medellin/loma-de-san-julian/1/230386
957000.0,244.9,3.0,La Concha,Medellín,2022-08-28,3.0,6.208869,-75.55597,3.0,790000000.0,Images/230388.jpeg,https://www.redinmobiliariamls.com/medellin/la-concha/1/230388
200000.0,68.0,2.0,Suramérica,La Estrella,2022-08-28,3.0,6.158688,-75.639676,1.0,330000000.0,Images/230391.jpeg,https://www.redinmobiliariamls.com/la-estrella/suramerica/1/230391
,66.0,2.0,V. Cañaveralejo,Sabaneta,2022-08-28,2.0,6.143157,-75.621342,1.0,350000000.0,Images/230399.jpeg,https://www.redinmobiliariamls.com/sabaneta/v-canaveralejo/1/230399
,46.0,2.0,V. Pan de Azúcar,Sabaneta,2022-08-28,1.0,6.145893,-75.624363,1.0,297000000.0,Images/230401.jpeg,https://www.redinmobiliariamls.com/sabaneta/v-pan-de-azucar/1/230401
120000.0,86.0,2.0,Lorena,Medellín,2022-08-28,3.0,6.256602,-75.575637,1.0,350000000.0,Images/230403.jpeg,https://www.redinmobiliariamls.com/medellin/lorena/1/230403
734000.0,165.1,2.0,Las Lomas Nº 1,Medellín,2022-08-28,4.0,6.212637,-75.559415,2.0,710000000.0,Images/230410.jpeg,https://www.redinmobiliariamls.com/medellin/las-lomas-n-1/1/230410
269000.0,129.0,2.0,Bolivariana,Medellín,2022-08-09,3.0,6.24022,-75.59422,2.0,600000000.0,Images/230411.jpeg,https://www.redinmobiliariamls.com/medellin/bolivariana/1/230411
270000.0,115.0,2.0,La Palma,Medellín,2022-08-28,3.0,6.256602,-75.575637,1.0,430000000.0,Images/230413.jpeg,https://www.redinmobiliariamls.com/medellin/la-palma/1/230413
220000.0,102.0,3.0,Loma del Escobero,Envigado,2022-08-28,3.0,6.152356,-75.624825,2.0,630000000.0,Images/230416.jpeg,https://www.redinmobiliariamls.com/envigado/loma-del-escobero/1/230416
260000.0,80.0,2.0,San Antonio de Pereira,Rionegro,2022-08-09,3.0,6.125866,-75.379387,1.0,470000000.0,Images/230418.jpeg,https://www.redinmobiliariamls.com/rionegro/san-antonio-de-pereira/1/230418
115000.0,90.0,2.0,Los Naranjos,Itagüí,2022-08-28,3.0,6.172815,-75.605329,1.0,350000000.0,Images/230438.jpeg,https://www.redinmobiliariamls.com/itagi/los-naranjos/1/230438
170000.0,200.0,3.0,Alameda,Medellín,2022-08-28,6.0,6.235757,-75.594149,1.0,710000000.0,Images/230445.jpeg,https://www.redinmobiliariamls.com/medellin/alameda/1/230445
480000.0,83.72,2.0,Urbano,Cartagena,2022-08-09,2.0,10.50981,-75.470972,1.0,430000000.0,Images/230446.jpeg,https://www.redinmobiliariamls.com/cartagena/urbano/1/230446
375000.0,67.0,2.0,Belencito,Medellín,2022-08-28,3.0,6.204497,-75.599393,1.0,290000000.0,Images/230447.jpeg,https://www.redinmobiliariamls.com/medellin/belencito/1/230447
634000.0,220.0,2.0,Oviedo,Medellín,2022-08-28,3.0,6.202511,-75.574327,2.0,1000000000.0,Images/230450.jpeg,https://www.redinmobiliariamls.com/medellin/oviedo/1/230450
617000.0,139.5,3.0,Bosques de Zuñiga,Envigado,2022-08-09,3.0,6.185219,-75.580727,4.0,880000000.0,Images/230461.jpeg,https://www.redinmobiliariamls.com/envigado/bosques-de-zuniga/1/230461
160000.0,95.0,2.0,Sector Los Colegios,Rionegro,2022-08-28,3.0,6.123486,-75.425262,1.0,545000000.0,Images/230463.jpeg,https://www.redinmobiliariamls.com/rionegro/sector-los-colegios/1/230463
350000.0,104.95,2.0,Las Palmas,Medellín,2022-08-28,2.0,6.212492,-75.54666,2.0,910000000.0,Images/230467.jpeg,https://www.redinmobiliariamls.com/medellin/las-palmas/1/230467
900000.0,345.0,5.0,El Esmeraldal,Envigado,2022-08-28,3.0,6.256602,-75.575637,2.0,1850000000.0,Images/230468.jpeg,https://www.redinmobiliariamls.com/envigado/el-esmeraldal/1/230468
92000.0,58.0,2.0,La Doctora,Sabaneta,2022-08-28,2.0,6.256602,-75.575637,1.0,220000000.0,Images/230470.jpeg,https://www.redinmobiliariamls.com/sabaneta/la-doctora/1/230470
160000.0,77.0,2.0,Sector Los Colegios,Rionegro,2022-08-28,3.0,6.123486,-75.425262,1.0,430000000.0,Images/230478.jpeg,https://www.redinmobiliariamls.com/rionegro/sector-los-colegios/1/230478
,68.0,2.0,V. Barro Blanco,Rionegro,2022-08-28,3.0,6.256602,-75.575637,1.0,430000000.0,Images/230483.jpeg,https://www.redinmobiliariamls.com/rionegro/v-barro-blanco/1/230483
150000.0,62.0,2.0,Santa María,Itagüí,2022-08-28,3.0,6.189745,-75.602137,1.0,285000000.0,Images/230494.jpeg,https://www.redinmobiliariamls.com/itagi/santa-maria/1/230494
160000.0,60.0,2.0,Los Alcazares,Sabaneta,2022-08-28,2.0,6.153344,-75.611291,1.0,255000000.0,Images/230507.jpeg,https://www.redinmobiliariamls.com/sabaneta/los-alcazares/1/230507
,77.0,2.0,Santa María,Itagüí,2022-08-28,3.0,6.256602,-75.575637,1.0,420000000.0,Images/230508.jpeg,https://www.redinmobiliariamls.com/itagi/santa-maria/1/230508
90000.0,47.0,1.0,Robledo,Medellín,2022-08-28,3.0,6.256602,-75.575637,0.0,180000000.0,Images/230512.jpeg,https://www.redinmobiliariamls.com/medellin/robledo/1/230512
741600.0,140.0,3.0,Los Balsos Nº 1,Medellín,2022-08-28,3.0,6.190281,-75.560739,2.0,568000000.0,Images/230513.jpeg,https://www.redinmobiliariamls.com/medellin/los-balsos-n-1/1/230513
270000.0,101.0,2.0,La Palma,Medellín,2022-08-28,3.0,6.256602,-75.575637,1.0,420000000.0,Images/230514.jpeg,https://www.redinmobiliariamls.com/medellin/la-palma/1/230514
208000.0,78.72,2.0,Santa Ana,Bello,2022-08-28,3.0,6.327366,-75.559234,1.0,395000000.0,Images/230543.jpeg,https://www.redinmobiliariamls.com/bello/santa-ana/1/230543
119000.0,45.0,1.0,Navarra,Bello,2022-08-28,2.0,6.34822,-75.532885,1.0,159000000.0,Images/230558.jpeg,https://www.redinmobiliariamls.com/bello/navarra/1/230558
355322.0,125.7,2.0,Loma de Los Bernal,Medellín,2022-08-09,2.0,6.21923,-75.605421,2.0,480000000.0,Images/230566.jpeg,https://www.redinmobiliariamls.com/medellin/loma-de-los-bernal/1/230566
,100.0,4.0,El Poblado,Medellín,2022-08-28,3.0,6.187477,-75.580772,1.0,850000000.0,Images/230567.jpeg,https://www.redinmobiliariamls.com/medellin/el-poblado/1/230567
1000000.0,287.0,3.0,El Campestre,Medellín,2022-08-28,3.0,6.256602,-75.575637,2.0,1040000000.0,Images/230568.jpeg,https://www.redinmobiliariamls.com/medellin/el-campestre/1/230568
210000.0,102.83,2.0,Laureles,Medellín,2022-08-28,3.0,6.244146,-75.599942,1.0,510000000.0,Images/230578.jpeg,https://www.redinmobiliariamls.com/medellin/laureles/1/230578
640000.0,63.82,1.0,San Lucas,Medellín,2022-08-28,1.0,6.18234,-75.564361,1.0,491500000.0,Images/230581.jpeg,https://www.redinmobiliariamls.com/medellin/san-lucas/1/230581
80000.0,45.0,1.0,Navarra,Bello,2022-08-28,2.0,6.256602,-75.575637,1.0,165000000.0,Images/230585.jpeg,https://www.redinmobiliariamls.com/bello/navarra/1/230585
763000.0,230.0,3.0,Castropol,Medellín,2022-08-28,3.0,6.213825,-75.567083,3.0,1200000000.0,Images/230591.jpeg,https://www.redinmobiliariamls.com/medellin/castropol/1/230591
222000.0,69.0,2.0,La Aldea,La Estrella,2022-08-28,3.0,6.256602,-75.575637,1.0,287000000.0,Images/230605.jpeg,https://www.redinmobiliariamls.com/la-estrella/la-aldea/1/230605
108000.0,92.14,2.0,Trapiche,Bello,2022-08-28,3.0,6.342191,-75.574232,0.0,165000000.0,Images/230608.jpeg,https://www.redinmobiliariamls.com/bello/trapiche/1/230608
130000.0,67.0,2.0,Nogal,Medellín,2022-08-28,2.0,6.238649,-75.593704,1.0,380000000.0,Images/230621.jpeg,https://www.redinmobiliariamls.com/medellin/nogal/1/230621
588000.0,198.0,4.0,Betania,Sabaneta,2022-08-28,4.0,6.256602,-75.575637,4.0,950000000.0,Images/230681.jpeg,https://www.redinmobiliariamls.com/sabaneta/betania/1/230681
,110.0,2.0,Buenos Aires,Medellín,2022-08-28,3.0,6.241832,-75.554635,0.0,280000000.0,Images/230694.jpeg,https://www.redinmobiliariamls.com/medellin/buenos-aires/1/230694
562700.0,231.5,3.0,La Tomatera,Medellín,2022-08-28,4.0,6.203281,-75.566777,2.0,1200000000.0,Images/230696.jpeg,https://www.redinmobiliariamls.com/medellin/la-tomatera/1/230696
160000.0,55.0,2.0,Calasanz,Medellín,2022-08-28,3.0,6.270485,-75.603481,1.0,196000000.0,Images/230697.jpeg,https://www.redinmobiliariamls.com/medellin/calasanz/1/230697
676000.0,342.0,4.0,Laureles,Medellín,2022-08-09,4.0,6.256602,-75.575637,2.0,978000000.0,Images/230700.jpeg,https://www.redinmobiliariamls.com/medellin/laureles/1/230700
980000.0,214.0,3.0,Laureles,Medellín,2022-08-28,4.0,6.243811,-75.597164,2.0,1050000000.0,Images/230719.jpeg,https://www.redinmobiliariamls.com/medellin/laureles/1/230719
597000.0,205.0,4.0,El Campestre,Medellín,2022-08-28,3.0,6.185734,-75.569866,2.0,800000000.0,Images/230728.jpeg,https://www.redinmobiliariamls.com/medellin/el-campestre/1/230728
400000.0,114.3,2.0,Zuñiga,Envigado,2022-08-09,3.0,6.184329,-75.582247,2.0,650000000.0,Images/230737.jpeg,https://www.redinmobiliariamls.com/envigado/zuniga/1/230737
,126.0,1.0,El Salvador,Medellín,2022-08-28,4.0,6.171219,-75.588024,0.0,320000000.0,Images/230739.jpeg,https://www.redinmobiliariamls.com/medellin/el-salvador/1/230739
390000.0,92.0,2.0,Los Balsos Nº 1,Medellín,2022-08-28,3.0,6.256602,-75.575637,1.0,530000000.0,Images/230742.jpeg,https://www.redinmobiliariamls.com/medellin/los-balsos-n-1/1/230742
,49.02,2.0,V. Primavera,Caldas,2022-08-28,3.0,6.092345,-75.637595,0.0,145000000.0,Images/230749.jpeg,https://www.redinmobiliariamls.com/caldas/v-primavera/1/230749
557000.0,198.0,3.0,Los Balsos Nº 1,Medellín,2022-08-28,3.0,6.189539,-75.564555,2.0,1120000000.0,Images/230756.jpeg,https://www.redinmobiliariamls.com/medellin/los-balsos-n-1/1/230756
142000.0,80.0,2.0,Robledo,Medellín,2022-08-28,3.0,6.28077,-75.580232,1.0,250000000.0,Images/230757.jpeg,https://www.redinmobiliariamls.com/medellin/robledo/1/230757
104000.0,75.85,2.0,Guayacanes,Manizales,2022-08-28,2.0,5.055124,-75.484572,1.0,285000000.0,Images/230760.jpeg,https://www.redinmobiliariamls.com/manizales/guayacanes/1/230760
1000000.0,298.0,3.0,Los Bósques,Medellín,2022-08-09,3.0,6.209204,-75.548579,4.0,2300000000.0,Images/230765.jpeg,https://www.redinmobiliariamls.com/medellin/los-bosques/1/230765
700124.0,150.13,3.0,Loma de los Parra,Medellín,2022-08-28,3.0,6.201534,-75.567363,2.0,840000000.0,Images/230790.jpeg,https://www.redinmobiliariamls.com/medellin/loma-de-los-parra/1/230790
750000.0,137.91,4.0,El Esmeraldal,Envigado,2022-08-28,3.0,6.174047,-75.570572,2.0,650000000.0,Images/230794.jpeg,https://www.redinmobiliariamls.com/envigado/el-esmeraldal/1/230794
400000.0,177.0,3.0,Los Balsos Nº 1,Medellín,2022-08-28,3.0,6.191983,-75.57188,2.0,1175000000.0,Images/230814.jpeg,https://www.redinmobiliariamls.com/medellin/los-balsos-n-1/1/230814
,49.0,2.0,V. Fontibon ,Rionegro,2022-08-28,2.0,6.256602,-75.575637,1.0,270000000.0,Images/230816.jpeg,https://www.redinmobiliariamls.com/rionegro/v-fontibon-/1/230816
150000.0,71.0,2.0,Machado,Bello,2022-08-28,3.0,6.332434,-75.535072,1.0,270000000.0,Images/230870.jpeg,https://www.redinmobiliariamls.com/bello/machado/1/230870
,137.0,3.0,La Pedrera,Copacabana,2022-08-28,4.0,6.348848,-75.503319,0.0,230000000.0,Images/230871.jpeg,https://www.redinmobiliariamls.com/copacabana/la-pedrera/1/230871
850000.0,140.0,2.0,Lalinde,Medellín,2022-08-28,2.0,6.256602,-75.575637,1.0,3400000000.0,Images/230884.jpeg,https://www.redinmobiliariamls.com/medellin/lalinde/1/230884
122610.0,48.1,2.0,V. Fontibon ,Rionegro,2022-08-28,2.0,6.164166,-75.374529,0.0,182000000.0,Images/230898.jpeg,https://www.redinmobiliariamls.com/rionegro/v-fontibon-/1/230898
250000.0,64.0,2.0,Los Alcazares,Sabaneta,2022-08-28,2.0,6.148837,-75.608993,1.0,340000000.0,Images/230913.jpeg,https://www.redinmobiliariamls.com/sabaneta/los-alcazares/1/230913
20000.0,129.0,2.0,Manrique Central Nº 1,Medellín,2022-08-28,4.0,6.265869,-75.554466,0.0,350000000.0,Images/230930.jpeg,https://www.redinmobiliariamls.com/medellin/manrique-central-n-1/1/230930
196000.0,64.0,2.0,La Cuenca,Envigado,2022-08-28,3.0,6.156185,-75.597387,1.0,310000000.0,Images/230962.jpeg,https://www.redinmobiliariamls.com/envigado/la-cuenca/1/230962
175600.0,67.0,2.0,Aves Marías,Sabaneta,2022-08-28,3.0,6.14725,-75.616359,1.0,340000000.0,Images/231002.jpeg,https://www.redinmobiliariamls.com/sabaneta/aves-marias/1/231002
99100.0,73.2,2.0,Viviendas del Sur,Itagüí,2022-08-09,3.0,6.193205,-75.594959,0.0,227000000.0,Images/231004.jpeg,https://www.redinmobiliariamls.com/itagi/viviendas-del-sur/1/231004
279900.0,91.0,2.0,Las Lomitas,Sabaneta,2022-08-28,2.0,6.143894,-75.606287,2.0,500000000.0,Images/231006.jpeg,https://www.redinmobiliariamls.com/sabaneta/las-lomitas/1/231006
,57.68,2.0,Machado,Copacabana,2022-08-28,3.0,6.256602,-75.575637,1.0,230000000.0,Images/231026.jpeg,https://www.redinmobiliariamls.com/copacabana/machado/1/231026
,65.0,1.0,Independencia,Itagüí,2022-08-09,3.0,6.166423,-75.616879,0.0,200000000.0,Images/231028.jpeg,https://www.redinmobiliariamls.com/itagi/independencia/1/231028
321000.0,113.4,2.0,Jardines,Envigado,2022-08-28,3.0,6.179838,-75.586339,1.0,630000000.0,Images/231031.jpeg,https://www.redinmobiliariamls.com/envigado/jardines/1/231031
992000.0,382.0,4.0,Las Santas,Medellín,2022-08-28,4.0,6.204986,-75.558731,4.0,1830000000.0,Images/231036.jpeg,https://www.redinmobiliariamls.com/medellin/las-santas/1/231036
145000.0,63.0,2.0,Machado,Bello,2022-08-28,3.0,6.325578,-75.55006,0.0,195000000.0,Images/231037.jpeg,https://www.redinmobiliariamls.com/bello/machado/1/231037
1560000.0,268.0,4.0,El Campestre,Medellín,2022-08-28,4.0,6.185607,-75.570884,3.0,1200000000.0,Images/231044.jpeg,https://www.redinmobiliariamls.com/medellin/el-campestre/1/231044
650000.0,170.31,4.0,Loma de Los Bernal,Medellín,2022-08-28,4.0,6.219323,-75.60066,2.0,650000000.0,Images/231046.jpeg,https://www.redinmobiliariamls.com/medellin/loma-de-los-bernal/1/231046
1450000.0,290.0,3.0,El Poblado,Medellín,2022-08-28,3.0,6.208854,-75.561019,2.0,1100000000.0,Images/231047.jpeg,https://www.redinmobiliariamls.com/medellin/el-poblado/1/231047
175000.0,103.0,2.0,Conquistadores,Medellín,2022-08-28,3.0,6.240065,-75.588844,1.0,380000000.0,Images/231073.jpeg,https://www.redinmobiliariamls.com/medellin/conquistadores/1/231073
675000.0,136.0,2.0,La Visitación,Medellín,2022-08-28,3.0,6.196215,-75.56469,2.0,570000000.0,Images/231089.jpeg,https://www.redinmobiliariamls.com/medellin/la-visitacion/1/231089
667300.0,193.53,5.0,Centro,Medellín,2022-08-28,4.0,6.248644,-75.562988,0.0,450000000.0,Images/231095.jpeg,https://www.redinmobiliariamls.com/medellin/centro/1/231095
1500000.0,443.0,4.0,La Tomatera,Medellín,2022-08-28,4.0,6.203341,-75.566164,3.0,2658000000.0,Images/231106.jpeg,https://www.redinmobiliariamls.com/medellin/la-tomatera/1/231106
790000.0,232.0,3.0,La Concha,Medellín,2022-08-28,3.0,6.207709,-75.560672,2.0,1900000000.0,Images/231116.jpeg,https://www.redinmobiliariamls.com/medellin/la-concha/1/231116
198000.0,73.5,2.0,San José Obrero,Bello,2022-08-28,3.0,6.326801,-75.557788,1.0,355000000.0,Images/231117.jpeg,https://www.redinmobiliariamls.com/bello/san-jose-obrero/1/231117
262383.0,81.13,2.0,Niquia,Bello,2022-08-28,3.0,6.338336,-75.540952,1.0,350000000.0,Images/231118.jpeg,https://www.redinmobiliariamls.com/bello/niquia/1/231118
,70.0,2.0,Las Palmas,Medellín,2022-08-28,3.0,6.2278,-75.56666,1.0,480000000.0,Images/231131.jpeg,https://www.redinmobiliariamls.com/medellin/las-palmas/1/231131
401900.0,106.1,4.0,San Lucas,Medellín,2022-08-28,3.0,6.237146,-75.550216,1.0,530000000.0,Images/231132.jpeg,https://www.redinmobiliariamls.com/medellin/san-lucas/1/231132
,91.4,2.0,San Bernardo,Medellín,2022-08-28,2.0,6.222408,-75.596939,0.0,310000000.0,Images/231143.jpeg,https://www.redinmobiliariamls.com/medellin/san-bernardo/1/231143
430000.0,116.0,3.0,Transversal Intermedia,Envigado,2022-08-28,3.0,6.178886,-75.582601,2.0,610000000.0,Images/231154.jpeg,https://www.redinmobiliariamls.com/envigado/transversal-intermedia/1/231154
270000.0,81.0,2.0,La Castellana,Medellín,2022-08-09,3.0,6.256602,-75.575637,1.0,410000000.0,Images/231156.jpeg,https://www.redinmobiliariamls.com/medellin/la-castellana/1/231156
215000.0,84.16,2.0,Belén,Medellín,2022-08-28,3.0,6.229194,-75.596337,1.0,390000000.0,Images/231160.jpeg,https://www.redinmobiliariamls.com/medellin/belen/1/231160
270000.0,75.0,2.0,San Antonio de Pereira,Rionegro,2022-08-28,3.0,6.149344,-75.365575,1.0,395000000.0,Images/231162.jpeg,https://www.redinmobiliariamls.com/rionegro/san-antonio-de-pereira/1/231162
582000.0,160.0,2.0,Laureles,Medellín,2022-08-28,3.0,6.240085,-75.598517,2.0,750000000.0,Images/231168.jpeg,https://www.redinmobiliariamls.com/medellin/laureles/1/231168
,91.48,1.0,San Bernardo,Medellín,2022-08-28,2.0,6.22856,-75.597145,0.0,260000000.0,Images/231182.jpeg,https://www.redinmobiliariamls.com/medellin/san-bernardo/1/231182
,181.07,2.0,San Bernardo,Medellín,2022-08-28,6.0,6.228552,-75.597147,0.0,280000000.0,Images/231184.jpeg,https://www.redinmobiliariamls.com/medellin/san-bernardo/1/231184
,79.0,2.0,Machado,Copacabana,2022-08-28,3.0,6.256602,-75.575637,1.0,300000000.0,Images/231190.jpeg,https://www.redinmobiliariamls.com/copacabana/machado/1/231190
,96.0,1.0,Lagos de la Doctora,Sabaneta,2022-08-28,3.0,6.144793,-75.61666,0.0,300000000.0,Images/231191.jpeg,https://www.redinmobiliariamls.com/sabaneta/lagos-de-la-doctora/1/231191
550000.0,110.0,2.0,Loma de los Mesa,Envigado,2022-08-28,3.0,6.177084,-75.567614,2.0,1020000000.0,Images/231204.jpeg,https://www.redinmobiliariamls.com/envigado/loma-de-los-mesa/1/231204
,127.85,3.0,Provenza,Medellín,2022-08-09,3.0,6.203806,-75.562027,2.0,1150000000.0,Images/231205.jpeg,https://www.redinmobiliariamls.com/medellin/provenza/1/231205
282000.0,70.0,2.0,La Pilarica,Medellín,2022-08-28,2.0,6.274524,-75.584876,1.0,255000000.0,Images/231234.jpeg,https://www.redinmobiliariamls.com/medellin/la-pilarica/1/231234
576000.0,156.51,2.0,El Esmeraldal,Envigado,2022-08-28,3.0,6.173504,-75.569314,2.0,810000000.0,Images/231237.jpeg,https://www.redinmobiliariamls.com/envigado/el-esmeraldal/1/231237
,96.0,1.0,Lagos de la Doctora,Sabaneta,2022-08-28,3.0,6.144356,-75.616584,0.0,325000000.0,Images/231241.jpeg,https://www.redinmobiliariamls.com/sabaneta/lagos-de-la-doctora/1/231241
247200.0,88.0,2.0,Loma de San Jose,Sabaneta,2022-08-28,3.0,6.142605,-75.619124,1.0,420000000.0,Images/231247.jpeg,https://www.redinmobiliariamls.com/sabaneta/loma-de-san-jose/1/231247
293000.0,117.0,3.0,La Palma,Medellín,2022-08-28,4.0,6.229064,-75.599498,1.0,418000000.0,Images/231256.jpeg,https://www.redinmobiliariamls.com/medellin/la-palma/1/231256
176500.0,83.76,2.0,Niquia,Bello,2022-08-28,3.0,6.338672,-75.546161,1.0,320000000.0,Images/231262.jpeg,https://www.redinmobiliariamls.com/bello/niquia/1/231262
125000.0,52.0,2.0,Santa Ana,Bello,2022-08-28,3.0,6.256602,-75.575637,1.0,198000000.0,Images/231279.jpeg,https://www.redinmobiliariamls.com/bello/santa-ana/1/231279
,198.0,3.0,El Portal,Envigado,2022-08-28,3.0,6.172897,-75.588712,0.0,520000000.0,Images/231282.jpeg,https://www.redinmobiliariamls.com/envigado/el-portal/1/231282
540000.0,86.4,2.0,San Lucas,Medellín,2022-08-28,3.0,6.183427,-75.560741,1.0,550000000.0,Images/231286.jpeg,https://www.redinmobiliariamls.com/medellin/san-lucas/1/231286
217000.0,66.74,2.0,Suramérica,Itagüí,2022-08-28,2.0,6.164579,-75.631994,1.0,392000000.0,Images/231305.jpeg,https://www.redinmobiliariamls.com/itagi/suramerica/1/231305
194000.0,150.0,3.0,Centro,Medellín,2022-08-28,2.0,6.335683,-75.554209,0.0,350000000.0,Images/231314.jpeg,https://www.redinmobiliariamls.com/medellin/centro/1/231314
,78.2,2.0,El Carmelo,Sabaneta,2022-08-28,2.0,6.146261,-75.609506,1.0,410000000.0,Images/231317.jpeg,https://www.redinmobiliariamls.com/sabaneta/el-carmelo/1/231317
,82.0,2.0,El Carmelo,Sabaneta,2022-08-28,2.0,6.146261,-75.609506,1.0,540000000.0,Images/231318.jpeg,https://www.redinmobiliariamls.com/sabaneta/el-carmelo/1/231318
619500.0,162.0,3.0,Loma Los Gonzalez,Medellín,2022-08-28,3.0,6.256602,-75.575637,2.0,660000000.0,Images/231330.jpeg,https://www.redinmobiliariamls.com/medellin/loma-los-gonzalez/1/231330
180000.0,61.65,2.0,San José Obrero,Bello,2022-08-28,2.0,6.324287,-75.557581,1.0,330000000.0,Images/231333.jpeg,https://www.redinmobiliariamls.com/bello/san-jose-obrero/1/231333
112000.0,39.0,1.0,Urbano,San Antonio de Prado,2022-08-28,2.0,6.182875,-75.648704,0.0,135000000.0,Images/231340.jpeg,https://www.redinmobiliariamls.com/san-antonio-de-prado/urbano/1/231340
1820000.0,418.0,4.0,Astorga,Medellín,2022-08-28,3.0,6.208837,-75.57353,3.0,1350000000.0,Images/231342.jpeg,https://www.redinmobiliariamls.com/medellin/astorga/1/231342
322000.0,267.0,3.0,Centro,Medellín,2022-08-28,2.0,6.251974,-75.566443,0.0,455000000.0,Images/231343.jpeg,https://www.redinmobiliariamls.com/medellin/centro/1/231343
105500.0,40.15,1.0,Trapiche,Bello,2022-08-28,1.0,6.339154,-75.573462,1.0,150000000.0,Images/231347.jpeg,https://www.redinmobiliariamls.com/bello/trapiche/1/231347
990000.0,262.0,3.0,Loma de Las Brujas,Envigado,2022-08-28,3.0,6.256602,-75.575637,3.0,1650000000.0,Images/231350.jpeg,https://www.redinmobiliariamls.com/envigado/loma-de-las-brujas/1/231350
430000.0,159.0,4.0,Castropol,Medellín,2022-08-28,3.0,6.256602,-75.575637,2.0,980000000.0,Images/231361.jpeg,https://www.redinmobiliariamls.com/medellin/castropol/1/231361
,82.0,2.0,El Carmelo,Sabaneta,2022-08-28,2.0,6.146261,-75.609506,1.0,540000000.0,Images/231378.jpeg,https://www.redinmobiliariamls.com/sabaneta/el-carmelo/1/231378
,94.4,2.0,El Carmelo,Sabaneta,2022-08-28,3.0,6.146261,-75.609506,1.0,520000000.0,Images/231379.jpeg,https://www.redinmobiliariamls.com/sabaneta/el-carmelo/1/231379
150000.0,72.6,2.0,Las Lomitas,Sabaneta,2022-08-09,3.0,6.151246,-75.617284,1.0,370000000.0,Images/231391.jpeg,https://www.redinmobiliariamls.com/sabaneta/las-lomitas/1/231391
475000.0,90.0,1.0,El Tesoro,Medellín,2022-08-28,1.0,6.192924,-75.563116,2.0,800000000.0,Images/231396.jpeg,https://www.redinmobiliariamls.com/medellin/el-tesoro/1/231396
618000.0,202.0,2.0,El Diamante Nº 2,Medellín,2022-08-28,2.0,6.256602,-75.575637,2.0,1590000000.0,Images/231407.jpeg,https://www.redinmobiliariamls.com/medellin/el-diamante-n-2/1/231407
160000.0,69.0,2.0,San Antonio de Pereira,Rionegro,2022-08-28,3.0,6.155062,-75.366039,1.0,350000000.0,Images/231408.jpeg,https://www.redinmobiliariamls.com/rionegro/san-antonio-de-pereira/1/231408
350000.0,139.0,3.0,Loma de San Jose,Sabaneta,2022-08-28,3.0,6.142607,-75.618732,2.0,605000000.0,Images/231447.jpeg,https://www.redinmobiliariamls.com/sabaneta/loma-de-san-jose/1/231447
155000.0,64.0,2.0,Madera,Bello,2022-08-28,3.0,6.256602,-75.575637,1.0,240000000.0,Images/231448.jpeg,https://www.redinmobiliariamls.com/bello/madera/1/231448
800000.0,137.19,3.0,Las Palmas,Medellín,2022-08-28,3.0,6.216343,-75.555031,2.0,1500000000.0,Images/231453.jpeg,https://www.redinmobiliariamls.com/medellin/las-palmas/1/231453
,70.0,2.0,El Trapiche,Sabaneta,2022-08-28,2.0,6.144145,-75.621629,1.0,379000000.0,Images/231456.jpeg,https://www.redinmobiliariamls.com/sabaneta/el-trapiche/1/231456
846000.0,214.0,3.0,Lalinde,Medellín,2022-08-28,4.0,6.212154,-75.569233,2.0,770000000.0,Images/231491.jpeg,https://www.redinmobiliariamls.com/medellin/lalinde/1/231491
,70.0,1.0,Cabañitas,Bello,2022-08-28,3.0,6.256602,-75.575637,0.0,230000000.0,Images/231494.jpeg,https://www.redinmobiliariamls.com/bello/cabanitas/1/231494
,82.0,1.0,Cabañitas,Bello,2022-08-09,3.0,6.256602,-75.575637,2.0,320000000.0,Images/231498.jpeg,https://www.redinmobiliariamls.com/bello/cabanitas/1/231498
,132.41,2.0,Nogal,Medellín,2022-08-28,3.0,6.238467,-75.598742,1.0,440000000.0,Images/231514.jpeg,https://www.redinmobiliariamls.com/medellin/nogal/1/231514
248000.0,83.0,1.0,Centro,Medellín,2022-08-28,3.0,6.2436,-75.559972,0.0,198000000.0,Images/231517.jpeg,https://www.redinmobiliariamls.com/medellin/centro/1/231517
105500.0,55.0,2.0,El Mirador,Bello,2022-08-28,3.0,6.351255,-75.556883,0.0,150000000.0,Images/231522.jpeg,https://www.redinmobiliariamls.com/bello/el-mirador/1/231522
755000.0,250.0,6.0,Santa Teresita,Medellín,2022-08-28,5.0,6.24141,-75.599232,2.0,1480000000.0,Images/231529.jpeg,https://www.redinmobiliariamls.com/medellin/santa-teresita/1/231529
301000.0,92.34,2.0,Loma de Las Brujas,Envigado,2022-08-28,3.0,6.159042,-75.57349,2.0,480000000.0,Images/231542.jpeg,https://www.redinmobiliariamls.com/envigado/loma-de-las-brujas/1/231542
705800.0,165.2,2.0,Laureles,Medellín,2022-08-28,2.0,6.242835,-75.596812,2.0,720000000.0,Images/231552.jpeg,https://www.redinmobiliariamls.com/medellin/laureles/1/231552
180000.0,62.5,2.0,Calasanz,Medellín,2022-08-28,3.0,6.264955,-75.606185,1.0,270000000.0,Images/231562.jpeg,https://www.redinmobiliariamls.com/medellin/calasanz/1/231562
1177000.0,230.0,5.0,Laureles,Medellín,2022-08-28,4.0,6.256602,-75.575637,4.0,1450000000.0,Images/231573.jpeg,https://www.redinmobiliariamls.com/medellin/laureles/1/231573
460000.0,126.0,2.0,Santa Teresita,Medellín,2022-08-28,2.0,6.241246,-75.595118,2.0,850000000.0,Images/231594.jpeg,https://www.redinmobiliariamls.com/medellin/santa-teresita/1/231594
,78.0,2.0,San José Obrero,Bello,2022-08-28,3.0,6.324981,-75.560917,1.0,325000000.0,Images/231605.jpeg,https://www.redinmobiliariamls.com/bello/san-jose-obrero/1/231605
232300.0,71.15,2.0,Santa Teresita,Medellín,2022-08-28,2.0,6.256602,-75.575637,2.0,500000000.0,Images/231609.jpeg,https://www.redinmobiliariamls.com/medellin/santa-teresita/1/231609
180000.0,98.0,2.0,Almería,Medellín,2022-08-28,3.0,6.243924,-75.612259,1.0,460000000.0,Images/231614.jpeg,https://www.redinmobiliariamls.com/medellin/almeria/1/231614
1509799.0,380.0,4.0,Castropol,Medellín,2022-08-28,4.0,6.213402,-75.565651,4.0,980000000.0,Images/231620.jpeg,https://www.redinmobiliariamls.com/medellin/castropol/1/231620
400000.0,102.94,2.0,Loma de Benedictinos,Envigado,2022-08-28,2.0,6.175216,-75.568862,2.0,680000000.0,Images/231627.jpeg,https://www.redinmobiliariamls.com/envigado/loma-de-benedictinos/1/231627
,53.16,1.0,Boston,Medellín,2022-08-28,1.0,6.244444,-75.555906,0.0,170000000.0,Images/231636.jpeg,https://www.redinmobiliariamls.com/medellin/boston/1/231636
246000.0,80.61,2.0,La Aldea,La Estrella,2022-08-28,3.0,6.256602,-75.575637,1.0,325000000.0,Images/231637.jpeg,https://www.redinmobiliariamls.com/la-estrella/la-aldea/1/231637
400000.0,70.0,2.0,Las Palmas,Medellín,2022-08-28,3.0,6.256602,-75.575637,1.0,490000000.0,Images/231645.jpeg,https://www.redinmobiliariamls.com/medellin/las-palmas/1/231645
1070000.0,342.0,4.0,Loma Los Gonzalez,Medellín,2022-08-28,3.0,6.197238,-75.569738,3.0,1350000000.0,Images/231654.jpeg,https://www.redinmobiliariamls.com/medellin/loma-los-gonzalez/1/231654
416000.0,81.53,1.0,Loma de Cumbres,Envigado,2022-08-28,1.0,6.172334,-75.570108,2.0,399000000.0,Images/231655.jpeg,https://www.redinmobiliariamls.com/envigado/loma-de-cumbres/1/231655
1000000.0,292.0,3.0,Los Balsos Nº 2,Medellín,2022-08-28,3.0,6.186975,-75.5608,4.0,2650000000.0,Images/231665.jpeg,https://www.redinmobiliariamls.com/medellin/los-balsos-n-2/1/231665
,63.62,1.0,El Salvador,Medellín,2022-08-28,4.0,6.237672,-75.56209,0.0,235000000.0,Images/231669.jpeg,https://www.redinmobiliariamls.com/medellin/el-salvador/1/231669
300000.0,218.0,3.0,Laureles,Medellín,2022-08-28,3.0,6.244705,-75.595013,1.0,720000000.0,Images/231670.jpeg,https://www.redinmobiliariamls.com/medellin/laureles/1/231670
235600.0,91.28,2.0,Niquia,Bello,2022-08-28,3.0,6.338648,-75.540421,1.0,390000000.0,Images/231673.jpeg,https://www.redinmobiliariamls.com/bello/niquia/1/231673
200000.0,64.0,2.0,Sector Los Colegios,Rionegro,2022-08-28,3.0,6.142602,-75.379943,1.0,370000000.0,Images/231675.jpeg,https://www.redinmobiliariamls.com/rionegro/sector-los-colegios/1/231675
161000.0,74.68,2.0,Estrellas del Sur,La Estrella,2022-08-28,2.0,6.164519,-75.647334,1.0,321000000.0,Images/231680.jpeg,https://www.redinmobiliariamls.com/la-estrella/estrellas-del-sur/1/231680
219000.0,152.0,2.0,Conquistadores,Medellín,2022-08-09,3.0,6.240025,-75.582757,1.0,380000000.0,Images/231691.jpeg,https://www.redinmobiliariamls.com/medellin/conquistadores/1/231691
160617.0,73.5,2.0,Centro,Itagüí,2022-08-28,3.0,6.17088,-75.608629,1.0,320000000.0,Images/231703.jpeg,https://www.redinmobiliariamls.com/itagi/centro/1/231703
150000.0,60.0,2.0,V. Fontibon ,Rionegro,2022-08-28,2.0,6.150845,-75.385736,1.0,290000000.0,Images/231711.jpeg,https://www.redinmobiliariamls.com/rionegro/v-fontibon-/1/231711
310000.0,152.0,2.0,Conquistadores,Medellín,2022-08-28,3.0,6.241597,-75.581961,2.0,545000000.0,Images/231722.jpeg,https://www.redinmobiliariamls.com/medellin/conquistadores/1/231722
180000.0,152.2,3.0,La Castellana,Medellín,2022-08-28,3.0,6.23906,-75.600385,1.0,490000000.0,Images/231733.jpeg,https://www.redinmobiliariamls.com/medellin/la-castellana/1/231733
,129.0,2.0,San Miguel,Medellín,2022-08-28,4.0,6.255961,-75.557751,0.0,330000000.0,Images/231737.jpeg,https://www.redinmobiliariamls.com/medellin/san-miguel/1/231737
197000.0,84.5,2.0,El Dorado,Envigado,2022-08-28,3.0,6.256602,-75.575637,1.0,310000000.0,Images/231742.jpeg,https://www.redinmobiliariamls.com/envigado/el-dorado/1/231742
190000.0,56.5,2.0,Centro,Itagüí,2022-08-28,3.0,6.175897,-75.608886,1.0,275000000.0,Images/231743.jpeg,https://www.redinmobiliariamls.com/itagi/centro/1/231743
177300.0,58.29,2.0,Santa Ana,Bello,2022-08-28,3.0,6.326367,-75.564393,1.0,295000000.0,Images/231746.jpeg,https://www.redinmobiliariamls.com/bello/santa-ana/1/231746
323000.0,159.42,3.0,Conquistadores,Medellín,2022-08-28,3.0,6.240232,-75.583046,1.0,620000000.0,Images/231749.jpeg,https://www.redinmobiliariamls.com/medellin/conquistadores/1/231749
62000.0,63.4,2.0,Mayorca,Sabaneta,2022-08-28,3.0,6.158889,-75.60536,1.0,265000000.0,Images/231755.jpeg,https://www.redinmobiliariamls.com/sabaneta/mayorca/1/231755
,47.5,1.0,Alcaravanes,Marinilla,2022-08-28,2.0,6.175072,-75.341285,1.0,280000000.0,Images/231756.jpeg,https://www.redinmobiliariamls.com/marinilla/alcaravanes/1/231756
,151.48,2.0,Conquistadores,Medellín,2022-08-28,3.0,6.240232,-75.583046,1.0,405000000.0,Images/231759.jpeg,https://www.redinmobiliariamls.com/medellin/conquistadores/1/231759
472000.0,168.26,3.0,El Poblado,Medellín,2022-08-28,3.0,6.256602,-75.575637,2.0,650000000.0,Images/231763.jpeg,https://www.redinmobiliariamls.com/medellin/el-poblado/1/231763
134000.0,46.0,1.0,San Antonio de Pereira,Rionegro,2022-08-28,1.0,6.256602,-75.575637,1.0,220000000.0,Images/231766.jpeg,https://www.redinmobiliariamls.com/rionegro/san-antonio-de-pereira/1/231766
295000.0,91.76,2.0,La Palma,Medellín,2022-08-28,3.0,6.263452,-75.595596,1.0,350000000.0,Images/231790.jpeg,https://www.redinmobiliariamls.com/medellin/la-palma/1/231790
350000.0,101.0,2.0,Conquistadores,Medellín,2022-08-28,3.0,6.256602,-75.575637,1.0,660000000.0,Images/231800.jpeg,https://www.redinmobiliariamls.com/medellin/conquistadores/1/231800
920000.0,252.68,3.0,Alto de las Palmas ,Envigado,2022-08-28,2.0,6.155477,-75.531304,2.0,1550000000.0,Images/231813.jpeg,https://www.redinmobiliariamls.com/envigado/alto-de-las-palmas-/1/231813
1350000.0,254.0,4.0,El Campestre,Medellín,2022-08-28,4.0,6.184865,-75.568891,4.0,1200000000.0,Images/231832.jpeg,https://www.redinmobiliariamls.com/medellin/el-campestre/1/231832
112000.0,56.0,2.0,Loma de San Jose,Sabaneta,2022-08-28,3.0,6.256602,-75.575637,1.0,240000000.0,Images/231841.jpeg,https://www.redinmobiliariamls.com/sabaneta/loma-de-san-jose/1/231841
181000.0,72.0,2.0,V. Ojo de Agua,Rionegro,2022-08-28,3.0,6.140234,-75.372498,1.0,340000000.0,Images/231857.jpeg,https://www.redinmobiliariamls.com/rionegro/v-ojo-de-agua/1/231857
620000.0,230.0,3.0,La Frontera,Medellín,2022-08-28,3.0,6.256602,-75.575637,2.0,980000000.0,Images/231859.jpeg,https://www.redinmobiliariamls.com/medellin/la-frontera/1/231859
500000.0,147.15,3.0,Loma de Benedictinos,Envigado,2022-08-09,3.0,6.178743,-75.572029,2.0,690000000.0,Images/231869.jpeg,https://www.redinmobiliariamls.com/envigado/loma-de-benedictinos/1/231869
,150.0,4.0,Laureles,Medellín,2022-08-28,5.0,6.256602,-75.575637,1.0,650000000.0,Images/231879.jpeg,https://www.redinmobiliariamls.com/medellin/laureles/1/231879
,70.5,2.0,El Trapiche,Sabaneta,2022-08-28,2.0,6.256602,-75.575637,1.0,380000000.0,Images/231881.jpeg,https://www.redinmobiliariamls.com/sabaneta/el-trapiche/1/231881
,48.8,2.0,Payuco,La Ceja,2022-08-28,2.0,6.031627,-75.432966,0.0,170000000.0,Images/231898.jpeg,https://www.redinmobiliariamls.com/la-ceja/payuco/1/231898
,48.8,2.0,Payuco,La Ceja,2022-08-28,2.0,6.031627,-75.432966,0.0,172000000.0,Images/231899.jpeg,https://www.redinmobiliariamls.com/la-ceja/payuco/1/231899
,52.68,2.0,Santa Ana,Bello,2022-08-28,3.0,6.331447,-75.5708,1.0,185000000.0,Images/231906.jpeg,https://www.redinmobiliariamls.com/bello/santa-ana/1/231906
350000.0,123.48,2.0,Loma de los Mesa,Envigado,2022-08-28,3.0,6.17323,-75.574569,2.0,920000000.0,Images/231908.jpeg,https://www.redinmobiliariamls.com/envigado/loma-de-los-mesa/1/231908
154000.0,75.0,2.0,Alameda,Medellín,2022-08-28,3.0,6.235244,-75.59442,1.0,435000000.0,Images/231909.jpeg,https://www.redinmobiliariamls.com/medellin/alameda/1/231909
120000.0,67.3,2.0,La Católica,Rionegro,2022-08-28,2.0,6.256602,-75.575637,1.0,268000000.0,Images/231925.jpeg,https://www.redinmobiliariamls.com/rionegro/la-catolica/1/231925
376000.0,225.0,4.0,Laureles,Medellín,2022-08-28,4.0,6.244405,-75.598026,2.0,740000000.0,Images/231931.jpeg,https://www.redinmobiliariamls.com/medellin/laureles/1/231931
142200.0,66.66,2.0,San Antonio de Pereira,Rionegro,2022-08-28,3.0,6.128129,-75.379811,1.0,310000000.0,Images/231933.jpeg,https://www.redinmobiliariamls.com/rionegro/san-antonio-de-pereira/1/231933
,112.3,2.0,Villa Hermosa,Medellín,2022-08-28,3.0,6.260519,-75.555442,1.0,320000000.0,Images/231946.jpeg,https://www.redinmobiliariamls.com/medellin/villa-hermosa/1/231946
100000.0,45.0,1.0,Robledo,Medellín,2022-08-28,3.0,6.247637,-75.565815,0.0,115000000.0,Images/231947.jpeg,https://www.redinmobiliariamls.com/medellin/robledo/1/231947
141000.0,68.0,2.0,Norte America,Bello,2022-08-28,3.0,6.345399,-75.533521,0.0,243000000.0,Images/231955.jpeg,https://www.redinmobiliariamls.com/bello/norte-america/1/231955
160000.0,57.0,2.0,V. Fontibon ,Rionegro,2022-08-09,3.0,6.154891,-75.363464,1.0,280000000.0,Images/231962.jpeg,https://www.redinmobiliariamls.com/rionegro/v-fontibon-/1/231962
,47.0,2.0,Buenos Aires,Medellín,2022-08-28,3.0,6.256602,-75.575637,0.0,150000000.0,Images/231963.jpeg,https://www.redinmobiliariamls.com/medellin/buenos-aires/1/231963
,115.0,3.0,Las Palmas,Medellín,2022-08-28,2.0,6.256602,-75.575637,2.0,1000000000.0,Images/231964.jpeg,https://www.redinmobiliariamls.com/medellin/las-palmas/1/231964
152000.0,60.0,2.0,Loma de San Jose,Sabaneta,2022-08-28,3.0,6.135876,-75.618538,1.0,225000000.0,Images/231974.jpeg,https://www.redinmobiliariamls.com/sabaneta/loma-de-san-jose/1/231974
477440.0,149.2,1.0,El Carmelo,Sabaneta,2022-08-28,4.0,6.151703,-75.611429,2.0,990000000.0,Images/231988.jpeg,https://www.redinmobiliariamls.com/sabaneta/el-carmelo/1/231988
,150.0,2.0,Alcalá,Envigado,2022-08-28,3.0,6.17136,-75.590668,0.0,405000000.0,Images/232003.jpeg,https://www.redinmobiliariamls.com/envigado/alcala/1/232003
,41.0,1.0,Centro,Medellín,2022-08-28,2.0,6.256155,-75.564952,0.0,140000000.0,Images/232010.jpeg,https://www.redinmobiliariamls.com/medellin/centro/1/232010
,58.8,2.0,San Antonio de Pereira,Rionegro,2022-08-09,1.0,6.125666,-75.378971,1.0,380000000.0,Images/232025.jpeg,https://www.redinmobiliariamls.com/rionegro/san-antonio-de-pereira/1/232025
550000.0,186.14,2.0,La Concha,Medellín,2022-08-28,2.0,6.20873,-75.561953,2.0,930000000.0,Images/232039.jpeg,https://www.redinmobiliariamls.com/medellin/la-concha/1/232039
150000.0,158.7,2.0,Laureles,Medellín,2022-08-28,3.0,6.239247,-75.601753,2.0,545000000.0,Images/232051.jpeg,https://www.redinmobiliariamls.com/medellin/laureles/1/232051
180000.0,48.5,2.0,V. Pan de Azúcar,Sabaneta,2022-08-28,1.0,6.145893,-75.624363,1.0,292480000.0,Images/232054.jpeg,https://www.redinmobiliariamls.com/sabaneta/v-pan-de-azucar/1/232054
183000.0,70.56,2.0,Niquia,Bello,2022-08-28,3.0,6.338336,-75.540952,1.0,320000000.0,Images/232057.jpeg,https://www.redinmobiliariamls.com/bello/niquia/1/232057
247700.0,107.5,2.0,El Trapiche,Sabaneta,2022-08-28,3.0,6.144292,-75.622331,2.0,500000000.0,Images/232061.jpeg,https://www.redinmobiliariamls.com/sabaneta/el-trapiche/1/232061
,202.0,2.0,Buenos Aires,Medellín,2022-08-28,5.0,6.236333,-75.551098,0.0,350000000.0,Images/232065.jpeg,https://www.redinmobiliariamls.com/medellin/buenos-aires/1/232065
,120.0,2.0,San Antonio de Pereira,Rionegro,2022-08-28,3.0,6.144651,-75.371017,1.0,500000000.0,Images/232067.jpeg,https://www.redinmobiliariamls.com/rionegro/san-antonio-de-pereira/1/232067
500000.0,120.0,3.0,La Concha,Medellín,2022-08-09,2.0,6.208874,-75.557696,1.0,470000000.0,Images/232085.jpeg,https://www.redinmobiliariamls.com/medellin/la-concha/1/232085
,107.0,1.0,Los Naranjos,Itagüí,2022-08-28,3.0,6.172667,-75.606506,0.0,295000000.0,Images/232088.jpeg,https://www.redinmobiliariamls.com/itagi/los-naranjos/1/232088
,202.7,3.0,El Diamante Nº 2,Medellín,2022-08-28,3.0,6.18707,-75.577726,2.0,1650000000.0,Images/232090.jpeg,https://www.redinmobiliariamls.com/medellin/el-diamante-n-2/1/232090
195000.0,60.82,2.0,Loma del Barro,Envigado,2022-08-28,3.0,6.157745,-75.597802,1.0,310000000.0,Images/232091.jpeg,https://www.redinmobiliariamls.com/envigado/loma-del-barro/1/232091
618000.0,193.0,3.0,Loma de Las Brujas,Envigado,2022-08-28,3.0,6.256602,-75.575637,3.0,1030000000.0,Images/232092.jpeg,https://www.redinmobiliariamls.com/envigado/loma-de-las-brujas/1/232092
170000.0,42.01,1.0,Centro,Medellín,2022-08-28,2.0,6.243582,-75.559981,0.0,175000000.0,Images/232095.jpeg,https://www.redinmobiliariamls.com/medellin/centro/1/232095
138000.0,54.2,2.0,Alcalá,Bello,2022-08-28,2.0,6.318113,-75.550746,1.0,245000000.0,Images/232100.jpeg,https://www.redinmobiliariamls.com/bello/alcala/1/232100
153000.0,70.83,2.0,Machado,Copacabana,2022-08-28,3.0,6.332402,-75.534911,1.0,265000000.0,Images/232103.jpeg,https://www.redinmobiliariamls.com/copacabana/machado/1/232103
366898.0,86.94,2.0,Loma de San Jose,Sabaneta,2022-08-28,3.0,6.141069,-75.619853,1.0,460000000.0,Images/232110.jpeg,https://www.redinmobiliariamls.com/sabaneta/loma-de-san-jose/1/232110
100000.0,62.0,2.0,V. El Tambo,La Ceja,2022-08-28,3.0,6.034534,-75.432842,0.0,185000000.0,Images/232112.jpeg,https://www.redinmobiliariamls.com/la-ceja/v-el-tambo/1/232112
140000.0,90.07,2.0,San Bernardo,Medellín,2022-08-28,3.0,6.220566,-75.598524,0.0,265000000.0,Images/232117.jpeg,https://www.redinmobiliariamls.com/medellin/san-bernardo/1/232117
602000.0,213.79,3.0,La Candelaria,Medellín,2022-08-28,4.0,6.2534,-75.563266,1.0,450000000.0,Images/232122.jpeg,https://www.redinmobiliariamls.com/medellin/la-candelaria/1/232122
523111.0,118.84,2.0,El Tesoro,Medellín,2022-08-28,2.0,6.191076,-75.560125,1.0,695000000.0,Images/232124.jpeg,https://www.redinmobiliariamls.com/medellin/el-tesoro/1/232124
1031000.0,191.0,2.0,Usaquen,Bogotá,2022-08-28,2.0,4.668478,-74.044891,2.0,1200000000.0,Images/232127.jpeg,https://www.redinmobiliariamls.com/bogota/usaquen/1/232127
430000.0,116.0,3.0,Transversal Intermedia,Envigado,2022-08-28,3.0,6.169577,-75.569471,3.0,750000000.0,Images/232129.jpeg,https://www.redinmobiliariamls.com/envigado/transversal-intermedia/1/232129
450000.0,114.0,2.0,V. Fizebad,El Retiro,2022-08-28,2.0,6.089773,-75.53251,1.0,820000000.0,Images/232135.jpeg,https://www.redinmobiliariamls.com/el-retiro/v-fizebad/1/232135
75000.0,106.04,2.0,Estadio,Medellín,2022-08-28,3.0,6.254624,-75.585131,1.0,450000000.0,Images/232146.jpeg,https://www.redinmobiliariamls.com/medellin/estadio/1/232146
275000.0,78.0,2.0,Sector Los Colegios,Rionegro,2022-08-28,3.0,6.256602,-75.575637,1.0,470000000.0,Images/232152.jpeg,https://www.redinmobiliariamls.com/rionegro/sector-los-colegios/1/232152
438000.0,96.0,2.0,Guadalcanal,Envigado,2022-08-28,3.0,6.165889,-75.578849,1.0,397000000.0,Images/232153.jpeg,https://www.redinmobiliariamls.com/envigado/guadalcanal/1/232153
829000.0,134.0,4.0,Santa Maria de los Angeles,Medellín,2022-08-28,3.0,6.256602,-75.575637,2.0,740000000.0,Images/232157.jpeg,https://www.redinmobiliariamls.com/medellin/santa-maria-de-los-angeles/1/232157
1030000.0,202.0,5.0,San Lucas,Medellín,2022-08-28,4.0,6.184163,-75.562126,1.0,680000000.0,Images/232160.jpeg,https://www.redinmobiliariamls.com/medellin/san-lucas/1/232160
180000.0,88.99,2.0,Navarra,Bello,2022-08-09,3.0,6.345399,-75.533521,1.0,330000000.0,Images/232174.jpeg,https://www.redinmobiliariamls.com/bello/navarra/1/232174
173591.0,69.0,2.0,La Colina,Itagüí,2022-08-28,3.0,6.196048,-75.595548,1.0,310000000.0,Images/232178.jpeg,https://www.redinmobiliariamls.com/itagi/la-colina/1/232178
1000000.0,268.0,3.0,El Tesoro,Medellín,2022-08-28,3.0,6.194825,-75.55674,3.0,2400000000.0,Images/232195.jpeg,https://www.redinmobiliariamls.com/medellin/el-tesoro/1/232195
,70.0,2.0,Primavera,Envigado,2022-08-28,2.0,6.161167,-75.600667,1.0,465000000.0,Images/232201.jpeg,https://www.redinmobiliariamls.com/envigado/primavera/1/232201
328000.0,77.08,2.0,Las Antillas,Envigado,2022-08-28,3.0,6.256602,-75.575637,1.0,350000000.0,Images/232205.jpeg,https://www.redinmobiliariamls.com/envigado/las-antillas/1/232205
553950.0,145.0,3.0,San Lucas,Medellín,2022-08-28,3.0,6.256602,-75.575637,3.0,700000000.0,Images/232211.jpeg,https://www.redinmobiliariamls.com/medellin/san-lucas/1/232211
360000.0,117.0,2.0,San Lucas,Medellín,2022-08-28,2.0,6.178823,-75.567901,1.0,475000000.0,Images/232216.jpeg,https://www.redinmobiliariamls.com/medellin/san-lucas/1/232216
497000.0,183.0,3.0,La Calera,Medellín,2022-08-28,3.0,6.256602,-75.575637,2.0,1210000000.0,Images/232224.jpeg,https://www.redinmobiliariamls.com/medellin/la-calera/1/232224
,73.0,2.0,San Francisco,Itagüí,2022-08-28,3.0,6.256602,-75.575637,0.0,180000000.0,Images/232228.jpeg,https://www.redinmobiliariamls.com/itagi/san-francisco/1/232228
100000.0,137.0,3.0,Almería,Medellín,2022-08-28,4.0,6.241414,-75.614004,1.0,350000000.0,Images/232231.jpeg,https://www.redinmobiliariamls.com/medellin/almeria/1/232231
,64.0,2.0,Santa María No 1,Itagüí,2022-08-28,3.0,6.256602,-75.575637,0.0,220000000.0,Images/232233.jpeg,https://www.redinmobiliariamls.com/itagi/santa-maria-no-1/1/232233
,80.6,2.0,Loma de Las Brujas,Envigado,2022-08-28,3.0,6.172097,-75.591783,2.0,520000000.0,Images/232243.jpeg,https://www.redinmobiliariamls.com/envigado/loma-de-las-brujas/1/232243
,61.6,2.0,Aves Marías,Sabaneta,2022-08-28,2.0,6.150195,-75.618302,1.0,290000000.0,Images/232245.jpeg,https://www.redinmobiliariamls.com/sabaneta/aves-marias/1/232245
,93.0,2.0,Santa María No 1,Itagüí,2022-08-28,4.0,6.256602,-75.575637,0.0,250000000.0,Images/232252.jpeg,https://www.redinmobiliariamls.com/itagi/santa-maria-no-1/1/232252
508000.0,134.75,2.0,El Poblado,Medellín,2022-08-28,3.0,6.196349,-75.567719,1.0,820000000.0,Images/232257.jpeg,https://www.redinmobiliariamls.com/medellin/el-poblado/1/232257
,116.0,1.0,San Pío,Itagüí,2022-08-09,4.0,6.256602,-75.575637,0.0,260000000.0,Images/232258.jpeg,https://www.redinmobiliariamls.com/itagi/san-pio/1/232258
200000.0,69.0,2.0,Indoamericana,Itagüí,2022-08-09,3.0,6.256602,-75.575637,1.0,270000000.0,Images/232259.jpeg,https://www.redinmobiliariamls.com/itagi/indoamericana/1/232259
274000.0,78.0,2.0,Los Alcazares,Sabaneta,2022-08-28,2.0,6.256602,-75.575637,1.0,360000000.0,Images/232267.jpeg,https://www.redinmobiliariamls.com/sabaneta/los-alcazares/1/232267
,170.0,3.0,San Fernando,Itagüí,2022-08-28,5.0,6.256602,-75.575637,0.0,390000000.0,Images/232285.jpeg,https://www.redinmobiliariamls.com/itagi/san-fernando/1/232285
158928.0,61.44,2.0,Rio Golf,Rionegro,2022-08-28,2.0,6.151237,-75.397378,1.0,360000000.0,Images/232289.jpeg,https://www.redinmobiliariamls.com/rionegro/rio-golf/1/232289
1080000.0,178.5,4.0,Santa Maria de los Angeles,Medellín,2022-08-28,3.0,6.191557,-75.579185,2.0,650000000.0,Images/232301.jpeg,https://www.redinmobiliariamls.com/medellin/santa-maria-de-los-angeles/1/232301
281717.0,80.0,2.0,Niquia,Bello,2022-08-09,3.0,6.338336,-75.540952,1.0,320000000.0,Images/232315.jpeg,https://www.redinmobiliariamls.com/bello/niquia/1/232315
138000.0,53.85,2.0,San José Obrero,Bello,2022-08-09,2.0,6.326175,-75.557827,1.0,280000000.0,Images/232318.jpeg,https://www.redinmobiliariamls.com/bello/san-jose-obrero/1/232318
,315.0,3.0,San Lucas,Medellín,2022-08-28,3.0,6.256602,-75.575637,3.0,3200000000.0,Images/232320.jpeg,https://www.redinmobiliariamls.com/medellin/san-lucas/1/232320
135000.0,95.72,1.0,Centro,Medellín,2022-08-28,2.0,6.247992,-75.565883,0.0,250000000.0,Images/232321.jpeg,https://www.redinmobiliariamls.com/medellin/centro/1/232321
650000.0,146.0,4.0,El Chinguí,Envigado,2022-08-28,4.0,6.146614,-75.575387,1.0,800000000.0,Images/232324.jpeg,https://www.redinmobiliariamls.com/envigado/el-chingui/1/232324
1750000.0,383.0,4.0,El Tesoro,Medellín,2022-08-28,4.0,6.190623,-75.554808,4.0,2700000000.0,Images/232330.jpeg,https://www.redinmobiliariamls.com/medellin/el-tesoro/1/232330
936142.0,238.0,3.0,La Calera,Medellín,2022-08-28,3.0,6.256602,-75.575637,3.0,1350000000.0,Images/232336.jpeg,https://www.redinmobiliariamls.com/medellin/la-calera/1/232336
365400.0,135.65,3.0,Castropol,Medellín,2022-08-09,3.0,6.216622,-75.565651,2.0,850000000.0,Images/232352.jpeg,https://www.redinmobiliariamls.com/medellin/castropol/1/232352
790000.0,294.48,3.0,La Calera,Medellín,2022-08-28,3.0,6.197257,-75.551756,2.0,1950000000.0,Images/232354.jpeg,https://www.redinmobiliariamls.com/medellin/la-calera/1/232354
1050000.0,370.0,3.0,La Tomatera,Medellín,2022-08-28,3.0,6.203679,-75.567104,3.0,2500000000.0,Images/232357.jpeg,https://www.redinmobiliariamls.com/medellin/la-tomatera/1/232357
150000.0,60.0,2.0,V. Las Lomitas,Sabaneta,2022-08-28,2.0,6.180712,-75.60328,1.0,245000000.0,Images/232363.jpeg,https://www.redinmobiliariamls.com/sabaneta/v-las-lomitas/1/232363
,61.06,2.0,Malta,Itagüí,2022-08-28,2.0,6.256602,-75.575637,1.0,319900000.0,Images/232365.jpeg,https://www.redinmobiliariamls.com/itagi/malta/1/232365
174766.0,65.0,2.0,Loma de San Jose,Sabaneta,2022-08-28,3.0,6.256602,-75.575637,1.0,330000000.0,Images/232368.jpeg,https://www.redinmobiliariamls.com/sabaneta/loma-de-san-jose/1/232368
376808.0,171.0,4.0,Loma de Las Brujas,Envigado,2022-08-28,3.0,6.257967,-75.572977,2.0,960000000.0,Images/232376.jpeg,https://www.redinmobiliariamls.com/envigado/loma-de-las-brujas/1/232376
205000.0,90.2,2.0,La Ferreria,La Estrella,2022-08-28,3.0,6.163524,-75.633729,0.0,300000000.0,Images/232377.jpeg,https://www.redinmobiliariamls.com/la-estrella/la-ferreria/1/232377
179000.0,70.0,2.0,V. Belén (Marinilla),Marinilla,2022-08-28,2.0,6.256602,-75.575637,1.0,310000000.0,Images/232382.jpeg,https://www.redinmobiliariamls.com/marinilla/v-belen-marinilla/1/232382
168000.0,52.48,2.0,Centro,Medellín,2022-08-28,3.0,6.255825,-75.56575,0.0,160000000.0,Images/232388.jpeg,https://www.redinmobiliariamls.com/medellin/centro/1/232388
30000.0,86.0,2.0,Centro,La Estrella,2022-08-28,3.0,6.158448,-75.644803,0.0,270000000.0,Images/232394.jpeg,https://www.redinmobiliariamls.com/la-estrella/centro/1/232394
172000.0,74.0,2.0,El Dorado,Envigado,2022-08-28,3.0,6.162614,-75.592095,0.0,315000000.0,Images/232409.jpeg,https://www.redinmobiliariamls.com/envigado/el-dorado/1/232409
135500.0,62.4,2.0,Navarra,Bello,2022-08-28,2.0,6.345399,-75.533521,1.0,257000000.0,Images/232417.jpeg,https://www.redinmobiliariamls.com/bello/navarra/1/232417
30000.0,185.0,2.0,Santa Mónica,Medellín,2022-08-28,3.0,6.246803,-75.612455,1.0,460000000.0,Images/232426.jpeg,https://www.redinmobiliariamls.com/medellin/santa-monica/1/232426
230000.0,99.9,3.0,La Floresta,Medellín,2022-08-28,3.0,6.255301,-75.602417,2.0,550000000.0,Images/232427.jpeg,https://www.redinmobiliariamls.com/medellin/la-floresta/1/232427
,55.0,2.0,V. El Capiro (Rionegro),Rionegro,2022-08-28,2.0,6.157579,-75.363775,1.0,168000000.0,Images/232432.jpeg,https://www.redinmobiliariamls.com/rionegro/v-el-capiro-rionegro/1/232432
,132.0,2.0,Los Alpes,Medellín,2022-08-28,3.0,6.256602,-75.575637,0.0,430000000.0,Images/232435.jpeg,https://www.redinmobiliariamls.com/medellin/los-alpes/1/232435
996000.0,175.0,3.0,Zuñiga,Envigado,2022-08-28,4.0,6.178556,-75.584662,1.0,900000000.0,Images/232437.jpeg,https://www.redinmobiliariamls.com/envigado/zuniga/1/232437
,68.0,2.0,Suramérica,La Estrella,2022-08-28,3.0,6.158688,-75.639676,1.0,348000000.0,Images/232451.jpeg,https://www.redinmobiliariamls.com/la-estrella/suramerica/1/232451
222000.0,72.0,2.0,V. Las Lomitas,Sabaneta,2022-08-09,3.0,6.143837,-75.608006,1.0,340000000.0,Images/232453.jpeg,https://www.redinmobiliariamls.com/sabaneta/v-las-lomitas/1/232453
200000.0,72.0,2.0,El Porvenir,Rionegro,2022-08-28,3.0,6.135093,-75.39299,1.0,470000000.0,Images/232455.jpeg,https://www.redinmobiliariamls.com/rionegro/el-porvenir/1/232455
,49.0,2.0,V. Primavera,Caldas,2022-08-28,3.0,6.092387,-75.637595,0.0,145000000.0,Images/232460.jpeg,https://www.redinmobiliariamls.com/caldas/v-primavera/1/232460
250000.0,58.0,2.0,San Antonio de Pereira,Rionegro,2022-08-28,2.0,6.149018,-75.378952,1.0,380000000.0,Images/232464.jpeg,https://www.redinmobiliariamls.com/rionegro/san-antonio-de-pereira/1/232464
,50.85,1.0,Ciudad del Rio,Medellín,2022-08-28,1.0,6.224259,-75.573249,1.0,415000000.0,Images/232473.jpeg,https://www.redinmobiliariamls.com/medellin/ciudad-del-rio/1/232473
700000.0,193.0,5.0,Laureles,Medellín,2022-08-28,4.0,6.242283,-75.598552,2.0,850000000.0,Images/232478.jpeg,https://www.redinmobiliariamls.com/medellin/laureles/1/232478
,45.64,2.0,Villa Hermosa,Medellín,2022-08-28,3.0,6.259834,-75.557338,0.0,140000000.0,Images/232487.jpeg,https://www.redinmobiliariamls.com/medellin/villa-hermosa/1/232487
434000.0,158.0,3.0,Suramericana,Medellín,2022-08-28,3.0,6.253712,-75.581509,1.0,469000000.0,Images/232513.jpeg,https://www.redinmobiliariamls.com/medellin/suramericana/1/232513
148000.0,69.0,2.0,Laureles,Medellín,2022-08-28,2.0,6.238295,-75.59194,0.0,350000000.0,Images/232524.jpeg,https://www.redinmobiliariamls.com/medellin/laureles/1/232524
218164.0,64.0,2.0,Ditaires,Itagüí,2022-08-28,3.0,6.256602,-75.575637,1.0,285000000.0,Images/232527.jpeg,https://www.redinmobiliariamls.com/itagi/ditaires/1/232527
,75.0,2.0,Araucaria,Itagüí,2022-08-28,3.0,6.256602,-75.575637,0.0,260000000.0,Images/232529.jpeg,https://www.redinmobiliariamls.com/itagi/araucaria/1/232529
,75.0,2.0,Araucaria,Itagüí,2022-08-28,3.0,6.256602,-75.575637,0.0,260000000.0,Images/232530.jpeg,https://www.redinmobiliariamls.com/itagi/araucaria/1/232530
167000.0,57.61,2.0,V. Barro Blanco,Rionegro,2022-08-28,2.0,6.256602,-75.575637,1.0,355000000.0,Images/232536.jpeg,https://www.redinmobiliariamls.com/rionegro/v-barro-blanco/1/232536
,136.0,2.0,La Inmaculada,Sabaneta,2022-08-28,3.0,6.256602,-75.575637,1.0,285000000.0,Images/232537.jpeg,https://www.redinmobiliariamls.com/sabaneta/la-inmaculada/1/232537
,49.4,2.0,V. Fontibon ,Rionegro,2022-08-28,2.0,6.256602,-75.575637,1.0,260000000.0,Images/232541.jpeg,https://www.redinmobiliariamls.com/rionegro/v-fontibon-/1/232541
,49.4,2.0,V. Fontibon ,Rionegro,2022-08-28,2.0,6.164162,-75.373898,1.0,260000000.0,Images/232542.jpeg,https://www.redinmobiliariamls.com/rionegro/v-fontibon-/1/232542
280500.0,53.0,1.0,La Aguacatala,Medellín,2022-08-28,1.0,6.256602,-75.575637,1.0,335000000.0,Images/232545.jpeg,https://www.redinmobiliariamls.com/medellin/la-aguacatala/1/232545
290000.0,110.0,2.0,Bosques de Zuñiga,Envigado,2022-08-28,3.0,6.256602,-75.575637,2.0,590000000.0,Images/232547.jpeg,https://www.redinmobiliariamls.com/envigado/bosques-de-zuniga/1/232547
331151.0,78.7,2.0,Las Antillas,Envigado,2022-08-28,3.0,6.156041,-75.587234,1.0,360000000.0,Images/232548.jpeg,https://www.redinmobiliariamls.com/envigado/las-antillas/1/232548
890000.0,235.1,2.0,La Tomatera,Medellín,2022-08-28,3.0,6.256602,-75.575637,3.0,925000000.0,Images/232555.jpeg,https://www.redinmobiliariamls.com/medellin/la-tomatera/1/232555
600000.0,157.0,3.0,Provenza,Medellín,2022-08-28,3.0,6.204836,-75.564069,3.0,940000000.0,Images/232557.jpeg,https://www.redinmobiliariamls.com/medellin/provenza/1/232557
148200.0,68.61,2.0,Norte America,Bello,2022-08-28,2.0,6.345399,-75.533521,1.0,244000000.0,Images/232558.jpeg,https://www.redinmobiliariamls.com/bello/norte-america/1/232558
573000.0,170.35,3.0,Los Chagualos,El Retiro,2022-08-28,2.0,6.057634,-75.501974,2.0,740000000.0,Images/232561.jpeg,https://www.redinmobiliariamls.com/el-retiro/los-chagualos/1/232561
100400.0,40.0,1.0,Villaloma,San Antonio de Prado,2022-08-28,2.0,6.256602,-75.575637,0.0,123000000.0,Images/232562.jpeg,https://www.redinmobiliariamls.com/san-antonio-de-prado/villaloma/1/232562
1104000.0,342.0,4.0,Loma Los Gonzalez,Medellín,2022-08-28,4.0,6.256602,-75.575637,4.0,1550000000.0,Images/232566.jpeg,https://www.redinmobiliariamls.com/medellin/loma-los-gonzalez/1/232566
407000.0,112.0,1.0,Provenza,Medellín,2022-08-28,1.0,6.203974,-75.563672,1.0,750000000.0,Images/232575.jpeg,https://www.redinmobiliariamls.com/medellin/provenza/1/232575
610000.0,114.0,2.0,Sector Fizebad,El Retiro,2022-08-28,2.0,6.256602,-75.575637,2.0,889680000.0,Images/232576.jpeg,https://www.redinmobiliariamls.com/el-retiro/sector-fizebad/1/232576
,67.04,2.0,El Trianón,Envigado,2022-08-28,2.0,6.157197,-75.591953,1.0,415000000.0,Images/232581.jpeg,https://www.redinmobiliariamls.com/envigado/el-trianon/1/232581
2500000.0,342.0,4.0,San Lucas,Medellín,2022-08-28,2.0,6.182146,-75.565719,3.0,3000000000.0,Images/232583.jpeg,https://www.redinmobiliariamls.com/medellin/san-lucas/1/232583
,67.8,2.0,Las Antillas,Envigado,2022-08-28,2.0,6.151285,-75.58451,1.0,350000000.0,Images/232591.jpeg,https://www.redinmobiliariamls.com/envigado/las-antillas/1/232591
400000.0,169.21,3.0,Loma de San Jose,Sabaneta,2022-08-09,3.0,6.144146,-75.616501,2.0,730000000.0,Images/232597.jpeg,https://www.redinmobiliariamls.com/sabaneta/loma-de-san-jose/1/232597
,54.0,1.0,Prados de Sabaneta,Sabaneta,2022-08-28,2.0,6.147409,-75.620722,0.0,180000000.0,Images/232608.jpeg,https://www.redinmobiliariamls.com/sabaneta/prados-de-sabaneta/1/232608
320000.0,82.0,2.0,Aves Marías,Sabaneta,2022-08-28,3.0,6.149847,-75.615131,1.0,320000000.0,Images/232609.jpeg,https://www.redinmobiliariamls.com/sabaneta/aves-marias/1/232609
,88.0,2.0,El Carmelo,Sabaneta,2022-08-28,3.0,6.149499,-75.610367,1.0,390000000.0,Images/232611.jpeg,https://www.redinmobiliariamls.com/sabaneta/el-carmelo/1/232611
60000.0,69.52,1.0,Señorial,Envigado,2022-08-28,3.0,6.158726,-75.597694,0.0,285000000.0,Images/232612.jpeg,https://www.redinmobiliariamls.com/envigado/senorial/1/232612
120000.0,65.0,2.0,Trapiche,Bello,2022-08-28,3.0,6.339135,-75.574026,1.0,195000000.0,Images/232627.jpeg,https://www.redinmobiliariamls.com/bello/trapiche/1/232627
241000.0,83.0,2.0,Santa Ana,Bello,2022-08-28,3.0,6.326356,-75.564377,2.0,390000000.0,Images/232635.jpeg,https://www.redinmobiliariamls.com/bello/santa-ana/1/232635
,74.8,2.0,Loma de Las Brujas,Envigado,2022-08-28,2.0,6.256602,-75.575637,2.0,520000000.0,Images/232636.jpeg,https://www.redinmobiliariamls.com/envigado/loma-de-las-brujas/1/232636
276100.0,85.62,2.0,Loma del Indio,Medellín,2022-08-28,3.0,6.225864,-75.56111,1.0,470000000.0,Images/232639.jpeg,https://www.redinmobiliariamls.com/medellin/loma-del-indio/1/232639
,59.58,1.0,Centro,Sabaneta,2022-08-28,1.0,6.256602,-75.575637,1.0,385000000.0,Images/232643.jpeg,https://www.redinmobiliariamls.com/sabaneta/centro/1/232643
,38.49,1.0,Centro,Sabaneta,2022-08-28,1.0,6.256602,-75.575637,1.0,286000000.0,Images/232645.jpeg,https://www.redinmobiliariamls.com/sabaneta/centro/1/232645
,68.99,2.0,Las Palmas,Medellín,2022-08-28,2.0,6.256602,-75.575637,1.0,484000000.0,Images/232647.jpeg,https://www.redinmobiliariamls.com/medellin/las-palmas/1/232647
,52.68,2.0,Santa Ana,Bello,2022-08-28,3.0,6.256602,-75.575637,1.0,242000000.0,Images/232648.jpeg,https://www.redinmobiliariamls.com/bello/santa-ana/1/232648
,56.34,2.0,Niquia,Bello,2022-08-28,2.0,6.256602,-75.575637,0.0,134000000.0,Images/232651.jpeg,https://www.redinmobiliariamls.com/bello/niquia/1/232651
105000.0,63.0,2.0,La Gran Avenida,Bello,2022-08-28,3.0,6.31863,-75.565005,0.0,172000000.0,Images/232652.jpeg,https://www.redinmobiliariamls.com/bello/la-gran-avenida/1/232652
190000.0,66.0,2.0,Sector Los Colegios,Rionegro,2022-08-28,2.0,6.147658,-75.369077,1.0,382000000.0,Images/232659.jpeg,https://www.redinmobiliariamls.com/rionegro/sector-los-colegios/1/232659
150000.0,63.0,2.0,Rural,Marinilla,2022-08-28,3.0,6.165472,-75.325999,1.0,255000000.0,Images/232661.jpeg,https://www.redinmobiliariamls.com/marinilla/rural/1/232661
10000.0,71.0,2.0,Señorial,Envigado,2022-08-09,3.0,6.159494,-75.598123,0.0,237000000.0,Images/232665.jpeg,https://www.redinmobiliariamls.com/envigado/senorial/1/232665
791400.0,212.0,3.0,El Tesoro,Medellín,2022-08-28,3.0,6.201594,-75.55628,2.0,740000000.0,Images/232666.jpeg,https://www.redinmobiliariamls.com/medellin/el-tesoro/1/232666
448000.0,143.82,3.0,La Aguacatala,Medellín,2022-08-28,3.0,6.193724,-75.579476,1.0,520000000.0,Images/232671.jpeg,https://www.redinmobiliariamls.com/medellin/la-aguacatala/1/232671
58000.0,42.0,1.0,Urbano,San Antonio de Prado,2022-08-28,2.0,6.256602,-75.575637,0.0,130000000.0,Images/232672.jpeg,https://www.redinmobiliariamls.com/san-antonio-de-prado/urbano/1/232672
180000.0,105.0,2.0,Las Acacias,Medellín,2022-08-28,3.0,6.239813,-75.595359,1.0,430000000.0,Images/232674.jpeg,https://www.redinmobiliariamls.com/medellin/las-acacias/1/232674
100000.0,158.0,2.0,El Velódromo,Medellín,2022-08-28,4.0,6.256602,-75.575637,1.0,430000000.0,Images/232676.jpeg,https://www.redinmobiliariamls.com/medellin/el-velodromo/1/232676
289000.0,77.0,2.0,La Cuenca,Envigado,2022-08-28,3.0,6.156358,-75.598666,1.0,385000000.0,Images/232678.jpeg,https://www.redinmobiliariamls.com/envigado/la-cuenca/1/232678
,83.0,2.0,El Tablazo,Itagüí,2022-08-28,4.0,6.179262,-75.608002,0.0,220000000.0,Images/232679.jpeg,https://www.redinmobiliariamls.com/itagi/el-tablazo/1/232679
273000.0,86.0,2.0,Camino Verde,Envigado,2022-08-28,3.0,6.15431,-75.573977,2.0,500000000.0,Images/232683.jpeg,https://www.redinmobiliariamls.com/envigado/camino-verde/1/232683
1200000.0,250.0,3.0,El Campestre,Medellín,2022-08-28,3.0,6.256602,-75.575637,3.0,1250000000.0,Images/232687.jpeg,https://www.redinmobiliariamls.com/medellin/el-campestre/1/232687
494000.0,140.0,3.0,Las Orquídeas,Envigado,2022-08-28,3.0,6.180716,-75.579604,1.0,580000000.0,Images/232688.jpeg,https://www.redinmobiliariamls.com/envigado/las-orquideas/1/232688
230000.0,88.05,2.0,La Cuenca,Envigado,2022-08-28,2.0,6.155446,-75.598082,1.0,400000000.0,Images/232692.jpeg,https://www.redinmobiliariamls.com/envigado/la-cuenca/1/232692
217000.0,124.0,2.0,Estadio,Medellín,2022-08-28,3.0,6.256602,-75.575637,1.0,480000000.0,Images/232693.jpeg,https://www.redinmobiliariamls.com/medellin/estadio/1/232693
440000.0,120.0,3.0,San Lucas,Medellín,2022-08-28,2.0,6.183291,-75.561679,1.0,670000000.0,Images/232698.jpeg,https://www.redinmobiliariamls.com/medellin/san-lucas/1/232698
,40.0,2.0,Madera,Bello,2022-08-28,1.0,6.316622,-75.553374,0.0,136000000.0,Images/232700.jpeg,https://www.redinmobiliariamls.com/bello/madera/1/232700
,54.0,2.0,Santa Ana,Bello,2022-08-28,3.0,6.342245,-75.541773,1.0,260000000.0,Images/232701.jpeg,https://www.redinmobiliariamls.com/bello/santa-ana/1/232701
,57.0,2.0,Niquia,Bello,2022-08-28,3.0,6.350611,-75.56922,1.0,188500000.0,Images/232704.jpeg,https://www.redinmobiliariamls.com/bello/niquia/1/232704
,57.0,2.0,Niquia,Bello,2022-08-28,3.0,6.350611,-75.56922,1.0,188500000.0,Images/232705.jpeg,https://www.redinmobiliariamls.com/bello/niquia/1/232705
,57.0,2.0,Niquia,Bello,2022-08-28,3.0,6.350611,-75.56922,1.0,185000000.0,Images/232706.jpeg,https://www.redinmobiliariamls.com/bello/niquia/1/232706
,56.0,2.0,Niquia,Bello,2022-08-28,3.0,6.350611,-75.56922,1.0,187500000.0,Images/232707.jpeg,https://www.redinmobiliariamls.com/bello/niquia/1/232707
220000.0,101.0,2.0,Cabañas,Bello,2022-08-28,3.0,6.317942,-75.55801,2.0,408000000.0,Images/232708.jpeg,https://www.redinmobiliariamls.com/bello/cabanas/1/232708
170000.0,68.0,2.0,Belén Rodeo Alto,Medellín,2022-08-28,2.0,6.202645,-75.602339,1.0,280000000.0,Images/232711.jpeg,https://www.redinmobiliariamls.com/medellin/belen-rodeo-alto/1/232711
200000.0,62.9,2.0,Sector Los Colegios,Rionegro,2022-08-28,2.0,6.136975,-75.371444,1.0,345000000.0,Images/232713.jpeg,https://www.redinmobiliariamls.com/rionegro/sector-los-colegios/1/232713
112000.0,48.72,2.0,Navarra,Bello,2022-08-28,3.0,6.345836,-75.523457,0.0,170000000.0,Images/232714.jpeg,https://www.redinmobiliariamls.com/bello/navarra/1/232714
50000.0,118.0,2.0,Calasanz,Medellín,2022-08-28,4.0,6.263242,-75.600314,1.0,399000000.0,Images/232716.jpeg,https://www.redinmobiliariamls.com/medellin/calasanz/1/232716
281000.0,80.6,2.0,Suramérica,Itagüí,2022-08-28,3.0,6.16517,-75.635184,1.0,315000000.0,Images/232721.jpeg,https://www.redinmobiliariamls.com/itagi/suramerica/1/232721
,100.14,2.0,El Poblado,Medellín,2022-08-28,3.0,6.256602,-75.575637,2.0,782000000.0,Images/232746.jpeg,https://www.redinmobiliariamls.com/medellin/el-poblado/1/232746
270000.0,90.0,2.0,V. Las Lomitas,Sabaneta,2022-08-28,2.0,6.146645,-75.612019,2.0,440000000.0,Images/232747.jpeg,https://www.redinmobiliariamls.com/sabaneta/v-las-lomitas/1/232747
1137000.0,245.0,2.0,Castropol,Medellín,2022-08-28,3.0,6.214291,-75.566167,2.0,990000000.0,Images/232748.jpeg,https://www.redinmobiliariamls.com/medellin/castropol/1/232748
698300.0,190.0,3.0,Las Palmas,Medellín,2022-08-28,3.0,6.256602,-75.575637,2.0,850000000.0,Images/232762.jpeg,https://www.redinmobiliariamls.com/medellin/las-palmas/1/232762
661000.0,60.0,2.0,Llanogrande,Rionegro,2022-08-28,1.0,6.149018,-75.378952,2.0,510000000.0,Images/232767.jpeg,https://www.redinmobiliariamls.com/rionegro/llanogrande/1/232767
,60.0,2.0,Simón Bolívar,Medellín,2022-08-09,2.0,6.256602,-75.575637,0.0,260000000.0,Images/232770.jpeg,https://www.redinmobiliariamls.com/medellin/simon-bolivar/1/232770
645000.0,105.0,2.0,Santa Maria de los Angeles,Medellín,2022-08-28,3.0,6.256602,-75.575637,2.0,620000000.0,Images/232787.jpeg,https://www.redinmobiliariamls.com/medellin/santa-maria-de-los-angeles/1/232787
,58.0,2.0,V. Fontibon ,Rionegro,2022-08-28,3.0,6.167094,-75.381746,1.0,230000000.0,Images/232794.jpeg,https://www.redinmobiliariamls.com/rionegro/v-fontibon-/1/232794
258000.0,96.0,2.0,Suramérica,Itagüí,2022-08-28,3.0,6.256602,-75.575637,2.0,500000000.0,Images/232813.jpeg,https://www.redinmobiliariamls.com/itagi/suramerica/1/232813
964900.0,335.3,4.0,Las Santas,Medellín,2022-08-28,4.0,6.204986,-75.558731,3.0,1650000000.0,Images/232814.jpeg,https://www.redinmobiliariamls.com/medellin/las-santas/1/232814
160000.0,80.0,2.0,San Antonio de Pereira,Rionegro,2022-08-09,3.0,6.128692,-75.381166,1.0,510000000.0,Images/232826.jpeg,https://www.redinmobiliariamls.com/rionegro/san-antonio-de-pereira/1/232826
220000.0,66.0,2.0,Calasanz Parte Alta,Medellín,2022-08-28,2.0,6.269366,-75.606117,1.0,365000000.0,Images/232831.jpeg,https://www.redinmobiliariamls.com/medellin/calasanz-parte-alta/1/232831
345000.0,98.0,2.0,Loma de los Mesa,Envigado,2022-08-28,3.0,6.170188,-75.570845,2.0,625000000.0,Images/232835.jpeg,https://www.redinmobiliariamls.com/envigado/loma-de-los-mesa/1/232835
212100.0,76.5,2.0,La Doctora,Sabaneta,2022-08-28,2.0,6.256602,-75.575637,1.0,367000000.0,Images/232839.jpeg,https://www.redinmobiliariamls.com/sabaneta/la-doctora/1/232839
,210.0,3.0,Altavista,Medellín,2022-08-28,8.0,6.222046,-75.63486,0.0,250000000.0,Images/232840.jpeg,https://www.redinmobiliariamls.com/medellin/altavista/1/232840
291000.0,86.0,2.0,Aves Marías,Sabaneta,2022-08-28,2.0,6.14914,-75.613479,1.0,344000000.0,Images/232845.jpeg,https://www.redinmobiliariamls.com/sabaneta/aves-marias/1/232845
257800.0,92.0,2.0,La Aldea,La Estrella,2022-08-28,3.0,6.151301,-75.643907,1.0,370000000.0,Images/232846.jpeg,https://www.redinmobiliariamls.com/la-estrella/la-aldea/1/232846
200000.0,66.5,2.0,Cabañas,Bello,2022-08-09,3.0,6.320395,-75.56744,1.0,260000000.0,Images/232851.jpeg,https://www.redinmobiliariamls.com/bello/cabanas/1/232851
504000.0,388.0,5.0,Loma de los Parra,Medellín,2022-08-28,4.0,6.201735,-75.568649,8.0,850000000.0,Images/232854.jpeg,https://www.redinmobiliariamls.com/medellin/loma-de-los-parra/1/232854
553800.0,145.0,3.0,El Campestre,Medellín,2022-08-28,3.0,6.187099,-75.566581,2.0,690000000.0,Images/232860.jpeg,https://www.redinmobiliariamls.com/medellin/el-campestre/1/232860
270000.0,118.0,2.0,Laureles,Medellín,2022-08-28,3.0,6.239937,-75.591923,1.0,620000000.0,Images/232869.jpeg,https://www.redinmobiliariamls.com/medellin/laureles/1/232869
54000.0,76.5,2.0,Zona Centro,Envigado,2022-08-28,3.0,6.171462,-75.588491,0.0,295000000.0,Images/232870.jpeg,https://www.redinmobiliariamls.com/envigado/zona-centro/1/232870
150100.0,60.04,2.0,V. Las Lomitas,Sabaneta,2022-08-28,2.0,6.180712,-75.60328,1.0,275000000.0,Images/232872.jpeg,https://www.redinmobiliariamls.com/sabaneta/v-las-lomitas/1/232872
899340.0,294.27,4.0,Los Balsos Nº 1,Medellín,2022-08-28,4.0,6.187241,-75.563886,3.0,1450000000.0,Images/232877.jpeg,https://www.redinmobiliariamls.com/medellin/los-balsos-n-1/1/232877
,90.0,2.0,Sector Los Colegios,Rionegro,2022-08-28,3.0,6.486424,-75.605798,2.0,524161592.0,Images/232889.jpeg,https://www.redinmobiliariamls.com/rionegro/sector-los-colegios/1/232889
151905.0,56.0,2.0,Loma de San Jose,Sabaneta,2022-08-28,2.0,6.135876,-75.618538,2.0,240000000.0,Images/232891.jpeg,https://www.redinmobiliariamls.com/sabaneta/loma-de-san-jose/1/232891
243000.0,74.0,2.0,Toledo,La Estrella,2022-08-28,3.0,6.158688,-75.639676,1.0,360000000.0,Images/232909.jpeg,https://www.redinmobiliariamls.com/la-estrella/toledo/1/232909
653000.0,112.0,2.0,San Joaquín,Medellín,2022-08-09,3.0,6.244231,-75.587741,1.0,420000000.0,Images/232911.jpeg,https://www.redinmobiliariamls.com/medellin/san-joaquin/1/232911
887000.0,192.0,5.0,Patio Bonito,Medellín,2022-08-28,5.0,6.205856,-75.574075,3.0,900000000.0,Images/232918.jpeg,https://www.redinmobiliariamls.com/medellin/patio-bonito/1/232918
189000.0,47.14,1.0,Urbano,El Retiro,2022-08-28,1.0,6.256602,-75.575637,1.0,295000000.0,Images/232919.jpeg,https://www.redinmobiliariamls.com/el-retiro/urbano/1/232919
438000.0,167.0,2.0,Zuñiga,Envigado,2022-08-28,3.0,6.256602,-75.575637,2.0,580000000.0,Images/232920.jpeg,https://www.redinmobiliariamls.com/envigado/zuniga/1/232920
258600.0,97.0,2.0,Aves Marías,Sabaneta,2022-08-09,3.0,6.146096,-75.611728,1.0,382900000.0,Images/232925.jpeg,https://www.redinmobiliariamls.com/sabaneta/aves-marias/1/232925
384000.0,137.03,3.0,Loma de San Jose,Sabaneta,2022-08-28,4.0,6.141716,-75.618434,2.0,650000000.0,Images/232928.jpeg,https://www.redinmobiliariamls.com/sabaneta/loma-de-san-jose/1/232928
210000.0,76.0,1.0,San Diego,Medellín,2022-08-28,1.0,6.256602,-75.575637,1.0,350000000.0,Images/232938.jpeg,https://www.redinmobiliariamls.com/medellin/san-diego/1/232938
100000.0,94.5,1.0,Simón Bolívar,Medellín,2022-08-28,2.0,6.246566,-75.60751,1.0,310000000.0,Images/232957.jpeg,https://www.redinmobiliariamls.com/medellin/simon-bolivar/1/232957
705000.0,129.0,3.0,Alto de las Palmas ,Envigado,2022-08-28,3.0,6.158125,-75.529861,2.0,860000000.0,Images/232962.jpeg,https://www.redinmobiliariamls.com/envigado/alto-de-las-palmas-/1/232962
183000.0,70.0,2.0,Niquia,Bello,2022-08-28,3.0,6.256602,-75.575637,1.0,350000000.0,Images/232963.jpeg,https://www.redinmobiliariamls.com/bello/niquia/1/232963
240000.0,71.0,2.0,El Trapiche,Sabaneta,2022-08-28,2.0,6.144101,-75.622817,1.0,365000000.0,Images/232964.jpeg,https://www.redinmobiliariamls.com/sabaneta/el-trapiche/1/232964
850000.0,204.0,3.0,Patio Bonito,Medellín,2022-08-28,3.0,6.256602,-75.575637,2.0,720000000.0,Images/232969.jpeg,https://www.redinmobiliariamls.com/medellin/patio-bonito/1/232969
,57.0,2.0,Corredor la Fe - El Retiro,El Retiro,2022-08-28,2.0,6.256602,-75.575637,1.0,415000000.0,Images/232974.jpeg,https://www.redinmobiliariamls.com/el-retiro/corredor-la-fe-el-retiro/1/232974
250000.0,86.0,3.0,Laureles,Medellín,2022-08-28,3.0,6.245732,-75.598675,1.0,489000000.0,Images/232975.jpeg,https://www.redinmobiliariamls.com/medellin/laureles/1/232975
76115.0,44.0,1.0,Urbano,El Retiro,2022-08-28,1.0,6.060806,-75.503795,1.0,330000000.0,Images/232976.jpeg,https://www.redinmobiliariamls.com/el-retiro/urbano/1/232976
506000.0,180.0,4.0,Laureles,Medellín,2022-08-28,5.0,6.240171,-75.596362,2.0,640000000.0,Images/232979.jpeg,https://www.redinmobiliariamls.com/medellin/laureles/1/232979
285000.0,77.0,2.0,Loma de Cumbres,Envigado,2022-08-28,2.0,6.166312,-75.571907,1.0,545900000.0,Images/232980.jpeg,https://www.redinmobiliariamls.com/envigado/loma-de-cumbres/1/232980
292087.0,79.0,3.0,El Dorado,Envigado,2022-08-28,4.0,6.170339,-75.583908,1.0,348000000.0,Images/232982.jpeg,https://www.redinmobiliariamls.com/envigado/el-dorado/1/232982
,54.0,2.0,Autopista (Marinilla),Marinilla,2022-08-28,3.0,6.256602,-75.575637,1.0,259000000.0,Images/232983.jpeg,https://www.redinmobiliariamls.com/marinilla/autopista-marinilla/1/232983
,70.0,2.0,Autopista (Marinilla),Marinilla,2022-08-28,3.0,6.256602,-75.575637,1.0,289000000.0,Images/232984.jpeg,https://www.redinmobiliariamls.com/marinilla/autopista-marinilla/1/232984
160000.0,54.0,2.0,Calasanz Parte Alta,Medellín,2022-08-28,2.0,6.256602,-75.575637,1.0,285000000.0,Images/232989.jpeg,https://www.redinmobiliariamls.com/medellin/calasanz-parte-alta/1/232989
1400000.0,258.4,4.0,Loma de los Parra,Medellín,2022-08-28,3.0,6.198052,-75.570323,4.0,1580000000.0,Images/232990.jpeg,https://www.redinmobiliariamls.com/medellin/loma-de-los-parra/1/232990
250000.0,72.4,2.0,Loma del Barro,Envigado,2022-08-28,2.0,6.167801,-75.587332,1.0,320000000.0,Images/232996.jpeg,https://www.redinmobiliariamls.com/envigado/loma-del-barro/1/232996
,124.64,3.0,El Campestre,Medellín,2022-08-28,3.0,6.190276,-75.567756,2.0,1100000000.0,Images/233003.jpeg,https://www.redinmobiliariamls.com/medellin/el-campestre/1/233003
370000.0,39.0,1.0,Loma del Escobero,Envigado,2022-08-28,1.0,6.256602,-75.575637,1.0,380000000.0,Images/233005.jpeg,https://www.redinmobiliariamls.com/envigado/loma-del-escobero/1/233005
800000.0,220.0,4.0,El Poblado,Medellín,2022-08-28,4.0,6.256602,-75.575637,1.0,960000000.0,Images/233008.jpeg,https://www.redinmobiliariamls.com/medellin/el-poblado/1/233008
496000.0,145.0,4.0,Laureles,Medellín,2022-08-28,3.0,6.240763,-75.595884,2.0,899000000.0,Images/233013.jpeg,https://www.redinmobiliariamls.com/medellin/laureles/1/233013
572000.0,162.0,2.0,Laureles,Medellín,2022-08-28,4.0,6.240575,-75.594481,2.0,730000000.0,Images/233014.jpeg,https://www.redinmobiliariamls.com/medellin/laureles/1/233014
,69.3,2.0,Las Violetas,Medellín,2022-08-09,3.0,6.231917,-75.614158,0.0,140000000.0,Images/233022.jpeg,https://www.redinmobiliariamls.com/medellin/las-violetas/1/233022
,60.0,2.0,V. Fontibon ,Rionegro,2022-08-28,3.0,6.167156,-75.38237,1.0,355000000.0,Images/233032.jpeg,https://www.redinmobiliariamls.com/rionegro/v-fontibon-/1/233032
572000.0,134.0,3.0,Santa Teresita,Medellín,2022-08-28,3.0,6.256602,-75.575637,2.0,840000000.0,Images/233036.jpeg,https://www.redinmobiliariamls.com/medellin/santa-teresita/1/233036
98000.0,48.0,2.0,Villa del Sol,Bello,2022-08-09,2.0,6.355627,-75.567762,0.0,117000000.0,Images/233039.jpeg,https://www.redinmobiliariamls.com/bello/villa-del-sol/1/233039
290000.0,114.0,2.0,Calasanz,Medellín,2022-08-28,3.0,6.256602,-75.575637,2.0,545000000.0,Images/233040.jpeg,https://www.redinmobiliariamls.com/medellin/calasanz/1/233040
150000.0,59.0,2.0,Niquia,Bello,2022-08-28,2.0,6.256602,-75.575637,1.0,285000000.0,Images/233042.jpeg,https://www.redinmobiliariamls.com/bello/niquia/1/233042
650000.0,183.0,2.0,La Frontera,Medellín,2022-08-28,4.0,6.256602,-75.575637,2.0,845963000.0,Images/233043.jpeg,https://www.redinmobiliariamls.com/medellin/la-frontera/1/233043
224000.0,74.0,2.0,Suramérica,Itagüí,2022-08-28,3.0,6.163202,-75.631236,1.0,330000000.0,Images/233049.jpeg,https://www.redinmobiliariamls.com/itagi/suramerica/1/233049
,62.0,2.0,Santa Ana,Bello,2022-08-28,3.0,6.325354,-75.559496,1.0,325000000.0,Images/233051.jpeg,https://www.redinmobiliariamls.com/bello/santa-ana/1/233051
194877.0,65.3,2.0,V. Ojo de Agua,Rionegro,2022-08-28,3.0,6.136975,-75.371444,1.0,350000000.0,Images/233056.jpeg,https://www.redinmobiliariamls.com/rionegro/v-ojo-de-agua/1/233056
280000.0,82.0,2.0,El Chinguí,Envigado,2022-08-28,3.0,6.154462,-75.574103,1.0,435000000.0,Images/233064.jpeg,https://www.redinmobiliariamls.com/envigado/el-chingui/1/233064
,58.0,2.0,V. Fontibon ,Rionegro,2022-08-28,3.0,6.167138,-75.382478,1.0,300000000.0,Images/233067.jpeg,https://www.redinmobiliariamls.com/rionegro/v-fontibon-/1/233067
,63.97,2.0,V. Pan de Azúcar,Sabaneta,2022-08-28,2.0,6.161651,-75.607722,1.0,350000000.0,Images/233069.jpeg,https://www.redinmobiliariamls.com/sabaneta/v-pan-de-azucar/1/233069
335000.0,139.49,2.0,Los Pinos,Medellín,2022-08-28,3.0,6.261891,-75.596108,1.0,550000000.0,Images/233077.jpeg,https://www.redinmobiliariamls.com/medellin/los-pinos/1/233077
850000.0,340.0,3.0,San Lucas,Medellín,2022-08-28,3.0,6.187629,-75.567416,3.0,1000000000.0,Images/233081.jpeg,https://www.redinmobiliariamls.com/medellin/san-lucas/1/233081
263000.0,80.0,2.0,La Abadía,Envigado,2022-08-09,3.0,6.180876,-75.576679,1.0,345000000.0,Images/233090.jpeg,https://www.redinmobiliariamls.com/envigado/la-abadia/1/233090
1132000.0,174.0,2.0,Loma Los Gonzalez,Medellín,2022-08-09,3.0,6.198664,-75.571047,3.0,690000000.0,Images/233092.jpeg,https://www.redinmobiliariamls.com/medellin/loma-los-gonzalez/1/233092
290000.0,90.0,2.0,V. Cañaveralejo,Sabaneta,2022-08-28,3.0,6.256602,-75.575637,2.0,450000000.0,Images/233093.jpeg,https://www.redinmobiliariamls.com/sabaneta/v-canaveralejo/1/233093
789989.0,138.0,4.0,Castropol,Medellín,2022-08-28,3.0,6.215631,-75.567181,3.0,950000000.0,Images/233098.jpeg,https://www.redinmobiliariamls.com/medellin/castropol/1/233098
944733.0,150.0,4.0,Loma del Escobero,Envigado,2022-08-28,2.0,6.16666,-75.582888,2.0,1150000000.0,Images/233099.jpeg,https://www.redinmobiliariamls.com/envigado/loma-del-escobero/1/233099
450000.0,160.0,2.0,El Poblado,Medellín,2022-08-28,3.0,6.208627,-75.563045,2.0,650000000.0,Images/233101.jpeg,https://www.redinmobiliariamls.com/medellin/el-poblado/1/233101
50000.0,65.0,2.0,La América,Medellín,2022-08-28,2.0,6.251824,-75.608123,0.0,245000000.0,Images/233102.jpeg,https://www.redinmobiliariamls.com/medellin/la-america/1/233102
725900.0,211.0,2.0,El Poblado,Medellín,2022-08-28,3.0,6.205029,-75.571927,2.0,840000000.0,Images/233103.jpeg,https://www.redinmobiliariamls.com/medellin/el-poblado/1/233103
715000.0,115.0,2.0,Laureles,Medellín,2022-08-28,3.0,6.256602,-75.575637,2.0,500000000.0,Images/233111.jpeg,https://www.redinmobiliariamls.com/medellin/laureles/1/233111
280000.0,82.0,2.0,El Chinguí,Envigado,2022-08-28,3.0,6.154473,-75.57484,1.0,420000000.0,Images/233113.jpeg,https://www.redinmobiliariamls.com/envigado/el-chingui/1/233113
550000.0,110.0,2.0,El Esmeraldal,Envigado,2022-08-28,3.0,6.173068,-75.568219,2.0,630000000.0,Images/233116.jpeg,https://www.redinmobiliariamls.com/envigado/el-esmeraldal/1/233116
261000.0,65.91,2.0,La Pilarica,Medellín,2022-08-28,2.0,6.276133,-75.585672,1.0,318500000.0,Images/233124.jpeg,https://www.redinmobiliariamls.com/medellin/la-pilarica/1/233124
1260000.0,250.0,4.0,El Campestre,Medellín,2022-08-28,3.0,6.256602,-75.575637,3.0,1400000000.0,Images/233125.jpeg,https://www.redinmobiliariamls.com/medellin/el-campestre/1/233125
109000.0,50.27,1.0,Niquia,Bello,2022-08-28,3.0,6.348488,-75.544709,0.0,155000000.0,Images/233131.jpeg,https://www.redinmobiliariamls.com/bello/niquia/1/233131
,155.6,3.0,Florida Nueva,Medellín,2022-08-28,4.0,6.252132,-75.588776,0.0,370000000.0,Images/233132.jpeg,https://www.redinmobiliariamls.com/medellin/florida-nueva/1/233132
210000.0,90.0,2.0,San José Obrero,Bello,2022-08-28,4.0,6.322315,-75.561765,1.0,340000000.0,Images/233136.jpeg,https://www.redinmobiliariamls.com/bello/san-jose-obrero/1/233136
,62.0,2.0,El Rosario,Itagüí,2022-08-28,2.0,6.256602,-75.575637,1.0,319900000.0,Images/233146.jpeg,https://www.redinmobiliariamls.com/itagi/el-rosario/1/233146
,62.0,2.0,El Rosario,Itagüí,2022-08-28,2.0,6.256602,-75.575637,1.0,319900000.0,Images/233148.jpeg,https://www.redinmobiliariamls.com/itagi/el-rosario/1/233148
679850.0,229.0,4.0,La Calera,Medellín,2022-08-28,3.0,6.192917,-75.559458,3.0,1380000000.0,Images/233149.jpeg,https://www.redinmobiliariamls.com/medellin/la-calera/1/233149
500000.0,190.0,3.0,Loma del Escobero,Envigado,2022-08-28,4.0,6.256602,-75.575637,1.0,580000000.0,Images/233151.jpeg,https://www.redinmobiliariamls.com/envigado/loma-del-escobero/1/233151
657000.0,160.0,2.0,Cedritos,Bogotá,2022-08-28,3.0,6.256602,-75.575637,2.0,880000000.0,Images/233153.jpeg,https://www.redinmobiliariamls.com/bogota/cedritos/1/233153
600000.0,73.2,1.0,Buenos Aires,Medellín,2022-08-28,3.0,6.241589,-75.559079,0.0,350000000.0,Images/233154.jpeg,https://www.redinmobiliariamls.com/medellin/buenos-aires/1/233154
600000.0,83.0,1.0,Buenos Aires,Medellín,2022-08-28,3.0,6.241589,-75.559079,0.0,390000000.0,Images/233155.jpeg,https://www.redinmobiliariamls.com/medellin/buenos-aires/1/233155
,64.0,2.0,Las Palmas,Medellín,2022-08-28,2.0,6.256602,-75.575637,1.0,435000000.0,Images/233156.jpeg,https://www.redinmobiliariamls.com/medellin/las-palmas/1/233156
,69.0,2.0,Las Palmas,Medellín,2022-08-28,2.0,6.256602,-75.575637,1.0,460000000.0,Images/233158.jpeg,https://www.redinmobiliariamls.com/medellin/las-palmas/1/233158
50000.0,85.0,2.0,Urbano (La Ceja),La Ceja,2022-08-28,3.0,6.030955,-75.428114,0.0,280000000.0,Images/233159.jpeg,https://www.redinmobiliariamls.com/la-ceja/urbano-la-ceja/1/233159
292000.0,81.0,2.0,Calle Larga,Sabaneta,2022-08-28,3.0,6.151003,-75.62061,1.0,370000000.0,Images/233161.jpeg,https://www.redinmobiliariamls.com/sabaneta/calle-larga/1/233161
,76.0,2.0,Alto de Las Flores,Envigado,2022-08-28,4.0,6.155806,-75.603043,0.0,280000000.0,Images/233174.jpeg,https://www.redinmobiliariamls.com/envigado/alto-de-las-flores/1/233174
965000.0,233.47,4.0,Laureles,Medellín,2022-08-28,5.0,6.242086,-75.596183,3.0,850000000.0,Images/233179.jpeg,https://www.redinmobiliariamls.com/medellin/laureles/1/233179
1301000.0,302.8,4.0,El Poblado,Medellín,2022-08-28,3.0,6.191983,-75.57188,4.0,1900000000.0,Images/233180.jpeg,https://www.redinmobiliariamls.com/medellin/el-poblado/1/233180
,52.0,2.0,V. Fontibon ,Rionegro,2022-08-28,2.0,6.163925,-75.384728,1.0,180000000.0,Images/233181.jpeg,https://www.redinmobiliariamls.com/rionegro/v-fontibon-/1/233181
270000.0,93.0,2.0,La Castellana,Medellín,2022-08-28,3.0,6.256602,-75.575637,1.0,540000000.0,Images/233185.jpeg,https://www.redinmobiliariamls.com/medellin/la-castellana/1/233185
270000.0,93.0,2.0,La Castellana,Medellín,2022-08-28,3.0,6.256602,-75.575637,1.0,555000000.0,Images/233187.jpeg,https://www.redinmobiliariamls.com/medellin/la-castellana/1/233187
270000.0,93.0,2.0,La Castellana,Medellín,2022-08-28,3.0,6.256602,-75.575637,1.0,560000000.0,Images/233188.jpeg,https://www.redinmobiliariamls.com/medellin/la-castellana/1/233188
270000.0,93.0,2.0,La Castellana,Medellín,2022-08-28,3.0,6.256602,-75.575637,1.0,565000000.0,Images/233189.jpeg,https://www.redinmobiliariamls.com/medellin/la-castellana/1/233189
25000.0,166.0,2.0,La Playita,Caldas,2022-08-28,3.0,6.088225,-75.633743,0.0,335000000.0,Images/233190.jpeg,https://www.redinmobiliariamls.com/caldas/la-playita/1/233190
400000.0,160.0,3.0,V. Las Lomitas,Sabaneta,2022-08-28,3.0,6.145941,-75.609946,2.0,650000000.0,Images/233196.jpeg,https://www.redinmobiliariamls.com/sabaneta/v-las-lomitas/1/233196
290000.0,68.0,2.0,Loma de San Jose,Sabaneta,2022-08-28,2.0,6.14267,-75.61863,1.0,340000000.0,Images/233207.jpeg,https://www.redinmobiliariamls.com/sabaneta/loma-de-san-jose/1/233207
,64.03,2.0,Corredor San Antonio - La Ceja (La Ceja),La Ceja,2022-08-28,2.0,6.494843,-75.563029,1.0,322000000.0,Images/233209.jpeg,https://www.redinmobiliariamls.com/la-ceja/corredor-san-antonio-la-ceja-la-ceja/1/233209
240000.0,82.0,2.0,Almerí­a,Medellín,2022-08-28,3.0,6.242971,-75.615353,1.0,350000000.0,Images/233210.jpeg,https://www.redinmobiliariamls.com/medellin/almeria/1/233210
822000.0,218.0,3.0,La Florida,Medellín,2022-08-28,3.0,6.205599,-75.569949,3.0,850000000.0,Images/233211.jpeg,https://www.redinmobiliariamls.com/medellin/la-florida/1/233211
,85.1,2.0,Sector Los Colegios,Rionegro,2022-08-28,3.0,6.256602,-75.575637,2.0,540000000.0,Images/233216.jpeg,https://www.redinmobiliariamls.com/rionegro/sector-los-colegios/1/233216
166000.0,82.0,2.0,Laureles,Rionegro,2022-08-28,3.0,6.156544,-75.373362,1.0,255000000.0,Images/233217.jpeg,https://www.redinmobiliariamls.com/rionegro/laureles/1/233217
280000.0,92.6,3.0,V. La Fe,El Retiro,2022-08-28,3.0,3.421516,-76.50168,1.0,580000000.0,Images/233218.jpeg,https://www.redinmobiliariamls.com/el-retiro/v-la-fe/1/233218
250000.0,84.6,3.0,V. La Fe,El Retiro,2022-08-28,2.0,3.421516,-76.50168,1.0,540000000.0,Images/233220.jpeg,https://www.redinmobiliariamls.com/el-retiro/v-la-fe/1/233220
190000.0,62.0,2.0,La Aldea,La Estrella,2022-08-28,3.0,6.151195,-75.640091,1.0,320000000.0,Images/233222.jpeg,https://www.redinmobiliariamls.com/la-estrella/la-aldea/1/233222
250000.0,84.6,3.0,V. La Fe,El Retiro,2022-08-28,2.0,6.08452,-75.495792,1.0,540000000.0,Images/233224.jpeg,https://www.redinmobiliariamls.com/el-retiro/v-la-fe/1/233224
80000.0,40.86,1.0,Madera,Bello,2022-08-28,1.0,6.322912,-75.547592,1.0,140000000.0,Images/233237.jpeg,https://www.redinmobiliariamls.com/bello/madera/1/233237
,41.0,1.0,Santa Ana,Bello,2022-08-28,1.0,6.329817,-75.559566,0.0,193500000.0,Images/233240.jpeg,https://www.redinmobiliariamls.com/bello/santa-ana/1/233240
867916.0,267.0,3.0,Centro,Medellín,2022-08-09,4.0,6.335911,-75.552622,1.0,480000000.0,Images/233241.jpeg,https://www.redinmobiliariamls.com/medellin/centro/1/233241
378000.0,108.0,3.0,Los Balsos Nº 1,Medellín,2022-08-28,3.0,6.256602,-75.575637,2.0,576000000.0,Images/233242.jpeg,https://www.redinmobiliariamls.com/medellin/los-balsos-n-1/1/233242
451000.0,189.0,3.0,Loma de Las Brujas,Envigado,2022-08-09,3.0,6.256602,-75.575637,3.0,1350000000.0,Images/233246.jpeg,https://www.redinmobiliariamls.com/envigado/loma-de-las-brujas/1/233246
120000.0,56.0,2.0,Niquia,Bello,2022-08-28,3.0,6.347629,-75.539159,0.0,180000000.0,Images/233248.jpeg,https://www.redinmobiliariamls.com/bello/niquia/1/233248
387000.0,146.0,2.0,Loma del Escobero,Envigado,2022-08-09,3.0,6.256602,-75.575637,1.0,530000000.0,Images/233254.jpeg,https://www.redinmobiliariamls.com/envigado/loma-del-escobero/1/233254
273000.0,94.0,2.0,Laureles,Medellín,2022-08-28,3.0,6.256602,-75.575637,2.0,540000000.0,Images/233255.jpeg,https://www.redinmobiliariamls.com/medellin/laureles/1/233255
547834.0,104.0,2.0,Loma de los Parra,Medellín,2022-08-28,2.0,6.256602,-75.575637,2.0,640000000.0,Images/233261.jpeg,https://www.redinmobiliariamls.com/medellin/loma-de-los-parra/1/233261
220000.0,73.0,2.0,Aves Marías,Sabaneta,2022-08-28,3.0,6.256602,-75.575637,1.0,395000000.0,Images/233266.jpeg,https://www.redinmobiliariamls.com/sabaneta/aves-marias/1/233266
256000.0,84.2,2.0,San José Obrero,Bello,2022-08-28,3.0,6.324805,-75.560463,1.0,438000000.0,Images/233284.jpeg,https://www.redinmobiliariamls.com/bello/san-jose-obrero/1/233284
,88.0,2.0,Sector Los Colegios,Rionegro,2022-08-28,3.0,6.149333,-75.367863,1.0,540000000.0,Images/233291.jpeg,https://www.redinmobiliariamls.com/rionegro/sector-los-colegios/1/233291
166000.0,56.0,2.0,Calasanz Parte Alta,Medellín,2022-08-28,3.0,6.256602,-75.575637,1.0,270000000.0,Images/233297.jpeg,https://www.redinmobiliariamls.com/medellin/calasanz-parte-alta/1/233297
150000.0,60.0,2.0,Las Lomitas,Sabaneta,2022-08-28,2.0,6.148286,-75.607295,1.0,270000000.0,Images/233298.jpeg,https://www.redinmobiliariamls.com/sabaneta/las-lomitas/1/233298
168000.0,62.0,2.0,San José Obrero,Bello,2022-08-28,3.0,6.325354,-75.559496,1.0,340000000.0,Images/233302.jpeg,https://www.redinmobiliariamls.com/bello/san-jose-obrero/1/233302
250000.0,130.0,2.0,Laureles,Medellín,2022-08-28,3.0,6.196254,-75.571677,2.0,470000000.0,Images/233303.jpeg,https://www.redinmobiliariamls.com/medellin/laureles/1/233303
168000.0,62.0,2.0,San José Obrero,Bello,2022-08-28,2.0,6.325354,-75.559496,1.0,340000000.0,Images/233305.jpeg,https://www.redinmobiliariamls.com/bello/san-jose-obrero/1/233305
197000.0,60.0,2.0,Niquia,Bello,2022-08-28,2.0,6.336881,-75.550146,1.0,220000000.0,Images/233307.jpeg,https://www.redinmobiliariamls.com/bello/niquia/1/233307
531000.0,147.21,4.0,Castropol,Medellín,2022-08-28,3.0,6.215541,-75.567197,2.0,740000000.0,Images/233328.jpeg,https://www.redinmobiliariamls.com/medellin/castropol/1/233328
202800.0,63.89,2.0,Aves Marías,Sabaneta,2022-08-09,3.0,6.149413,-75.614035,1.0,289000000.0,Images/233330.jpeg,https://www.redinmobiliariamls.com/sabaneta/aves-marias/1/233330
,63.0,2.0,Centro,Itagüí,2022-08-28,2.0,6.171053,-75.610622,1.0,285000000.0,Images/233337.jpeg,https://www.redinmobiliariamls.com/itagi/centro/1/233337
238000.0,94.0,2.0,Laureles,Medellín,2022-08-28,3.0,6.256602,-75.575637,2.0,530000000.0,Images/233341.jpeg,https://www.redinmobiliariamls.com/medellin/laureles/1/233341
,70.0,2.0,San Bernardo,Medellín,2022-08-28,3.0,6.22241,-75.596939,0.0,297000000.0,Images/233342.jpeg,https://www.redinmobiliariamls.com/medellin/san-bernardo/1/233342
392300.0,108.9,3.0,La Abadía,Envigado,2022-08-28,3.0,6.180876,-75.576679,2.0,450000000.0,Images/233350.jpeg,https://www.redinmobiliariamls.com/envigado/la-abadia/1/233350
,62.0,2.0,V. Pantanillo (El Retiro),El Retiro,2022-08-28,2.0,6.05945,-75.499039,1.0,440000000.0,Images/233355.jpeg,https://www.redinmobiliariamls.com/el-retiro/v-pantanillo-el-retiro/1/233355
620000.0,105.0,2.0,Nuevos Conquistadores,Medellín,2022-08-28,3.0,6.242332,-75.581948,2.0,530000000.0,Images/233358.jpeg,https://www.redinmobiliariamls.com/medellin/nuevos-conquistadores/1/233358
,67.36,2.0,San Pío,Itagüí,2022-08-28,3.0,6.256602,-75.575637,0.0,250000000.0,Images/233367.jpeg,https://www.redinmobiliariamls.com/itagi/san-pio/1/233367
,71.0,1.0,San Pío,Itagüí,2022-08-09,3.0,6.256602,-75.575637,0.0,240000000.0,Images/233369.jpeg,https://www.redinmobiliariamls.com/itagi/san-pio/1/233369
283000.0,80.06,2.0,Loma del Escobero,Envigado,2022-08-09,2.0,6.167075,-75.569383,2.0,485000000.0,Images/233377.jpeg,https://www.redinmobiliariamls.com/envigado/loma-del-escobero/1/233377
214000.0,43.0,1.0,Suramericana,Medellín,2022-08-28,2.0,6.256602,-75.575637,1.0,260000000.0,Images/233378.jpeg,https://www.redinmobiliariamls.com/medellin/suramericana/1/233378
100000.0,54.7,1.0,Guayabal,Medellín,2022-08-28,2.0,6.199374,-75.595587,1.0,273000000.0,Images/233382.jpeg,https://www.redinmobiliariamls.com/medellin/guayabal/1/233382
330000.0,85.78,2.0,Ciudad del Rio,Medellín,2022-08-28,2.0,6.223368,-75.572367,2.0,635000000.0,Images/233384.jpeg,https://www.redinmobiliariamls.com/medellin/ciudad-del-rio/1/233384
,113.61,3.0,Laureles,Medellín,2022-08-28,3.0,6.24573,-75.603591,0.0,350000000.0,Images/233385.jpeg,https://www.redinmobiliariamls.com/medellin/laureles/1/233385
185000.0,73.0,2.0,Viviendas del Sur,Itagüí,2022-08-28,3.0,6.256602,-75.575637,1.0,350000000.0,Images/233386.jpeg,https://www.redinmobiliariamls.com/itagi/viviendas-del-sur/1/233386
185000.0,73.0,2.0,Viviendas del Sur,Itagüí,2022-08-28,3.0,6.256602,-75.575637,1.0,350000000.0,Images/233387.jpeg,https://www.redinmobiliariamls.com/itagi/viviendas-del-sur/1/233387
175000.0,64.0,2.0,Ditaires,Itagüí,2022-08-28,2.0,6.256602,-75.575637,1.0,285000000.0,Images/233388.jpeg,https://www.redinmobiliariamls.com/itagi/ditaires/1/233388
225000.0,63.25,2.0,Suramérica,La Estrella,2022-08-28,2.0,6.256602,-75.575637,1.0,340000000.0,Images/233389.jpeg,https://www.redinmobiliariamls.com/la-estrella/suramerica/1/233389
604000.0,130.02,4.0,Castropol,Medellín,2022-08-28,3.0,6.215145,-75.565109,2.0,890000000.0,Images/233394.jpeg,https://www.redinmobiliariamls.com/medellin/castropol/1/233394
170100.0,68.8,2.0,Niquia,Bello,2022-08-28,3.0,6.256602,-75.575637,1.0,255000000.0,Images/233395.jpeg,https://www.redinmobiliariamls.com/bello/niquia/1/233395
1000000.0,291.0,5.0,Altos del Poblado,Medellín,2022-08-28,3.0,6.256602,-75.575637,4.0,2200000000.0,Images/233396.jpeg,https://www.redinmobiliariamls.com/medellin/altos-del-poblado/1/233396
176000.0,59.92,2.0,Niquia,Bello,2022-08-28,2.0,6.338161,-75.53939,1.0,290000000.0,Images/233398.jpeg,https://www.redinmobiliariamls.com/bello/niquia/1/233398
,64.0,2.0,Las Palmas,Medellín,2022-08-28,2.0,6.213221,-75.54615,1.0,460000000.0,Images/233404.jpeg,https://www.redinmobiliariamls.com/medellin/las-palmas/1/233404
90000.0,60.0,2.0,San Martin,Bello,2022-08-28,3.0,6.349783,-75.569361,0.0,160000000.0,Images/233405.jpeg,https://www.redinmobiliariamls.com/bello/san-martin/1/233405
,126.0,2.0,Urbano,El Retiro,2022-08-28,2.0,4.620232,-74.079819,1.0,520000000.0,Images/233408.jpeg,https://www.redinmobiliariamls.com/el-retiro/urbano/1/233408
391421.0,101.3,2.0,Alcalá,Envigado,2022-08-28,3.0,6.256602,-75.575637,1.0,460000000.0,Images/233410.jpeg,https://www.redinmobiliariamls.com/envigado/alcala/1/233410
245139.0,93.8,2.0,Las Palmas,Medellín,2022-08-09,3.0,6.224298,-75.561794,2.0,640000000.0,Images/233426.jpeg,https://www.redinmobiliariamls.com/medellin/las-palmas/1/233426
312490.0,89.1,2.0,La Abadía,Envigado,2022-08-28,3.0,6.175924,-75.575343,1.0,540000000.0,Images/233427.jpeg,https://www.redinmobiliariamls.com/envigado/la-abadia/1/233427
402000.0,99.0,2.0,Los Balsos Nº 1,Medellín,2022-08-09,3.0,6.256602,-75.575637,2.0,635000000.0,Images/233428.jpeg,https://www.redinmobiliariamls.com/medellin/los-balsos-n-1/1/233428
555000.0,223.55,5.0,Oviedo,Medellín,2022-08-28,5.0,6.196648,-75.572602,2.0,1150000000.0,Images/233439.jpeg,https://www.redinmobiliariamls.com/medellin/oviedo/1/233439
730000.0,199.0,3.0,El Tesoro,Medellín,2022-08-28,3.0,6.190791,-75.554864,2.0,1280000000.0,Images/233442.jpeg,https://www.redinmobiliariamls.com/medellin/el-tesoro/1/233442
245672.0,91.84,2.0,Niquia,Bello,2022-08-28,3.0,6.338336,-75.540952,1.0,410000000.0,Images/233449.jpeg,https://www.redinmobiliariamls.com/bello/niquia/1/233449
230000.0,90.0,2.0,Milán-Vallejuelos,Envigado,2022-08-28,3.0,6.167213,-75.596188,1.0,350000000.0,Images/233458.jpeg,https://www.redinmobiliariamls.com/envigado/milan-vallejuelos/1/233458
134000.0,54.0,2.0,El Mirador,Bello,2022-08-09,3.0,6.351216,-75.55685,0.0,140000000.0,Images/233459.jpeg,https://www.redinmobiliariamls.com/bello/el-mirador/1/233459
650000.0,137.0,2.0,Aves Marías,Sabaneta,2022-08-28,3.0,6.145035,-75.611761,2.0,650000000.0,Images/233464.jpeg,https://www.redinmobiliariamls.com/sabaneta/aves-marias/1/233464
687000.0,164.0,2.0,Castropol,Medellín,2022-08-28,3.0,6.213912,-75.569228,2.0,620000000.0,Images/233465.jpeg,https://www.redinmobiliariamls.com/medellin/castropol/1/233465
980000.0,210.0,4.0,Centro,Medellín,2022-08-28,4.0,6.248019,-75.561753,1.0,439000000.0,Images/233466.jpeg,https://www.redinmobiliariamls.com/medellin/centro/1/233466
138000.0,54.25,2.0,San José Obrero,Bello,2022-08-28,2.0,6.326175,-75.557827,1.0,287500000.0,Images/233467.jpeg,https://www.redinmobiliariamls.com/bello/san-jose-obrero/1/233467
208000.0,61.0,2.0,Manchester,Bello,2022-08-28,2.0,6.256602,-75.575637,0.0,200000000.0,Images/233469.jpeg,https://www.redinmobiliariamls.com/bello/manchester/1/233469
209900.0,49.81,1.0,Centro,Medellín,2022-08-28,1.0,6.256602,-75.575637,1.0,180000000.0,Images/233474.jpeg,https://www.redinmobiliariamls.com/medellin/centro/1/233474
208000.0,77.0,2.0,Asdesillas,Sabaneta,2022-08-28,3.0,6.256602,-75.575637,1.0,385000000.0,Images/233478.jpeg,https://www.redinmobiliariamls.com/sabaneta/asdesillas/1/233478
334000.0,102.0,2.0,Loma de Las Brujas,Envigado,2022-08-28,3.0,6.162965,-75.577301,1.0,470000000.0,Images/233483.jpeg,https://www.redinmobiliariamls.com/envigado/loma-de-las-brujas/1/233483
212000.0,61.55,2.0,San Antonio de Pereira,Rionegro,2022-08-28,2.0,6.256602,-75.575637,1.0,400000000.0,Images/233486.jpeg,https://www.redinmobiliariamls.com/rionegro/san-antonio-de-pereira/1/233486
35000.0,80.4,2.0,Campo Amor,Medellín,2022-08-28,3.0,6.212769,-75.584958,0.0,296000000.0,Images/233488.jpeg,https://www.redinmobiliariamls.com/medellin/campo-amor/1/233488
35000.0,75.0,2.0,Campo Amor,Medellín,2022-08-28,3.0,6.211521,-75.586074,0.0,284000000.0,Images/233489.jpeg,https://www.redinmobiliariamls.com/medellin/campo-amor/1/233489
,38.2,1.0,La Tablaza,La Estrella,2022-08-09,2.0,6.128523,-75.635321,0.0,145000000.0,Images/233492.jpeg,https://www.redinmobiliariamls.com/la-estrella/la-tablaza/1/233492
,65.08,2.0,Autopista (Marinilla),Marinilla,2022-08-28,3.0,6.256602,-75.575637,1.0,250000000.0,Images/233495.jpeg,https://www.redinmobiliariamls.com/marinilla/autopista-marinilla/1/233495
140000.0,70.83,2.0,Machado,Copacabana,2022-08-28,3.0,6.332342,-75.534999,1.0,272000000.0,Images/233498.jpeg,https://www.redinmobiliariamls.com/copacabana/machado/1/233498
480000.0,150.0,2.0,Suramérica,Itagüí,2022-08-28,3.0,6.164338,-75.625886,1.0,650000000.0,Images/233501.jpeg,https://www.redinmobiliariamls.com/itagi/suramerica/1/233501
,54.0,2.0,Santa Ana,Bello,2022-08-28,3.0,6.328677,-75.566972,0.0,174000000.0,Images/233502.jpeg,https://www.redinmobiliariamls.com/bello/santa-ana/1/233502
162400.0,54.83,2.0,Calasanz,Medellín,2022-08-28,2.0,6.263861,-75.599689,0.0,298000000.0,Images/233511.jpeg,https://www.redinmobiliariamls.com/medellin/calasanz/1/233511
10000.0,50.0,1.0,Zamora,Bello,2022-08-28,3.0,6.309901,-75.548721,0.0,100000000.0,Images/233514.jpeg,https://www.redinmobiliariamls.com/bello/zamora/1/233514
505000.0,51.2,1.0,La Concha,Medellín,2022-08-28,1.0,6.256602,-75.575637,1.0,360000000.0,Images/233517.jpeg,https://www.redinmobiliariamls.com/medellin/la-concha/1/233517
227000.0,64.0,2.0,El Chinguí,Envigado,2022-08-09,2.0,6.149282,-75.576137,1.0,303000000.0,Images/233519.jpeg,https://www.redinmobiliariamls.com/envigado/el-chingui/1/233519
136700.0,37.44,2.0,Niquia,Bello,2022-08-28,2.0,6.33863,-75.552197,0.0,140000000.0,Images/233520.jpeg,https://www.redinmobiliariamls.com/bello/niquia/1/233520
187000.0,64.0,2.0,Viviendas del Sur,Itagüí,2022-08-28,3.0,6.194236,-75.59808,1.0,320000000.0,Images/233522.jpeg,https://www.redinmobiliariamls.com/itagi/viviendas-del-sur/1/233522
370000.0,80.0,2.0,Ciudad del Rio,Medellín,2022-08-28,2.0,6.256602,-75.575637,1.0,560000000.0,Images/233523.jpeg,https://www.redinmobiliariamls.com/medellin/ciudad-del-rio/1/233523
,104.32,2.0,Cristo Rey,Medellín,2022-08-28,4.0,6.203633,-75.584202,0.0,270000000.0,Images/233527.jpeg,https://www.redinmobiliariamls.com/medellin/cristo-rey/1/233527
,85.95,2.0,Bello Horizonte,Medellín,2022-08-28,5.0,6.256602,-75.575637,0.0,320000000.0,Images/233529.jpeg,https://www.redinmobiliariamls.com/medellin/bello-horizonte/1/233529
160000.0,56.0,1.0,V. Fontibon ,Rionegro,2022-08-28,2.0,6.158351,-75.370826,1.0,225000000.0,Images/233530.jpeg,https://www.redinmobiliariamls.com/rionegro/v-fontibon-/1/233530
64000.0,89.06,2.0,Sector Los Colegios,Rionegro,2022-08-28,3.0,6.147158,-75.365677,1.0,320000000.0,Images/233532.jpeg,https://www.redinmobiliariamls.com/rionegro/sector-los-colegios/1/233532
160000.0,57.0,2.0,V. Fontibon ,Rionegro,2022-08-28,3.0,6.158351,-75.370826,1.0,290000000.0,Images/233535.jpeg,https://www.redinmobiliariamls.com/rionegro/v-fontibon-/1/233535
,76.0,2.0,V. Maria Auxiliadora,Sabaneta,2022-08-09,3.0,6.153966,-75.603236,0.0,225000000.0,Images/233539.jpeg,https://www.redinmobiliariamls.com/sabaneta/v-maria-auxiliadora/1/233539
860000.0,279.0,3.0,Los Balsos Nº 1,Medellín,2022-08-28,3.0,6.256602,-75.575637,3.0,2190000000.0,Images/233542.jpeg,https://www.redinmobiliariamls.com/medellin/los-balsos-n-1/1/233542
357000.0,115.0,3.0,Laureles,Medellín,2022-08-28,3.0,6.239841,-75.591467,2.0,660000000.0,Images/233546.jpeg,https://www.redinmobiliariamls.com/medellin/laureles/1/233546
160000.0,56.0,1.0,V. Fontibon ,Rionegro,2022-08-28,2.0,6.151307,-75.370674,1.0,240000000.0,Images/233548.jpeg,https://www.redinmobiliariamls.com/rionegro/v-fontibon-/1/233548
70000.0,130.0,2.0,Nogal,Medellín,2022-08-28,3.0,6.238923,-75.599689,1.0,450000000.0,Images/233552.jpeg,https://www.redinmobiliariamls.com/medellin/nogal/1/233552
840000.0,178.0,3.0,Sector Fizebad,El Retiro,2022-08-28,3.0,6.091824,-75.526714,2.0,1200000000.0,Images/233553.jpeg,https://www.redinmobiliariamls.com/el-retiro/sector-fizebad/1/233553
130000.0,35.87,1.0,Niquia,Bello,2022-08-28,2.0,6.347629,-75.539159,1.0,200000000.0,Images/233556.jpeg,https://www.redinmobiliariamls.com/bello/niquia/1/233556
,72.0,1.0,Laureles,Rionegro,2022-08-28,2.0,6.156548,-75.370385,0.0,255000000.0,Images/233557.jpeg,https://www.redinmobiliariamls.com/rionegro/laureles/1/233557
144850.0,73.87,2.0,Malibú,Medellín,2022-08-28,3.0,6.238083,-75.587817,1.0,380000000.0,Images/233560.jpeg,https://www.redinmobiliariamls.com/medellin/malibu/1/233560
219000.0,80.73,2.0,Niquia,Bello,2022-08-28,3.0,6.338003,-75.54253,1.0,320000000.0,Images/233577.jpeg,https://www.redinmobiliariamls.com/bello/niquia/1/233577
708000.0,200.0,3.0,San Lucas,Medellín,2022-08-28,3.0,6.256602,-75.575637,2.0,1000000000.0,Images/233579.jpeg,https://www.redinmobiliariamls.com/medellin/san-lucas/1/233579
140000.0,59.0,2.0,La Doctora,Sabaneta,2022-08-28,3.0,6.151246,-75.617284,1.0,270000000.0,Images/233580.jpeg,https://www.redinmobiliariamls.com/sabaneta/la-doctora/1/233580
65000.0,52.0,1.0,Urbano,San Antonio de Prado,2022-08-28,2.0,6.256602,-75.575637,0.0,135000000.0,Images/233581.jpeg,https://www.redinmobiliariamls.com/san-antonio-de-prado/urbano/1/233581
590000.0,152.0,3.0,La Calera,Medellín,2022-08-09,3.0,6.202391,-75.552709,2.0,1120000000.0,Images/233587.jpeg,https://www.redinmobiliariamls.com/medellin/la-calera/1/233587
,77.15,2.0,Calasanz,Medellín,2022-08-28,2.0,6.277367,-75.559372,1.0,290000000.0,Images/233590.jpeg,https://www.redinmobiliariamls.com/medellin/calasanz/1/233590
180000.0,95.0,2.0,El Velódromo,Medellín,2022-08-28,3.0,6.256547,-75.597262,1.0,550000000.0,Images/233591.jpeg,https://www.redinmobiliariamls.com/medellin/el-velodromo/1/233591
284000.0,130.0,2.0,Lorena,Medellín,2022-08-28,3.0,6.24879,-75.597553,1.0,500000000.0,Images/233593.jpeg,https://www.redinmobiliariamls.com/medellin/lorena/1/233593
589000.0,200.0,3.0,La Tomatera,Medellín,2022-08-28,3.0,6.203281,-75.566777,2.0,1200000000.0,Images/233594.jpeg,https://www.redinmobiliariamls.com/medellin/la-tomatera/1/233594
,76.0,2.0,Santa María,Itagüí,2022-08-28,3.0,6.181399,-75.596803,0.0,250000000.0,Images/233600.jpeg,https://www.redinmobiliariamls.com/itagi/santa-maria/1/233600
200000.0,64.0,2.0,Sector Los Colegios,Rionegro,2022-08-28,3.0,6.142602,-75.379943,1.0,370000000.0,Images/233601.jpeg,https://www.redinmobiliariamls.com/rionegro/sector-los-colegios/1/233601
460000.0,89.19,2.0,El Esmeraldal,Envigado,2022-08-09,3.0,6.175092,-75.573325,1.0,460000000.0,Images/233605.jpeg,https://www.redinmobiliariamls.com/envigado/el-esmeraldal/1/233605
200000.0,53.0,2.0,El Carmelo,Sabaneta,2022-08-09,2.0,6.148342,-75.610072,1.0,269000000.0,Images/233607.jpeg,https://www.redinmobiliariamls.com/sabaneta/el-carmelo/1/233607
,74.1,2.0,V. Ojo de Agua,Rionegro,2022-08-28,3.0,6.256602,-75.575637,1.0,405000000.0,Images/233610.jpeg,https://www.redinmobiliariamls.com/rionegro/v-ojo-de-agua/1/233610
,85.4,2.0,El Chinguí,Envigado,2022-08-28,3.0,6.147142,-75.575456,1.0,480000000.0,Images/233616.jpeg,https://www.redinmobiliariamls.com/envigado/el-chingui/1/233616
240000.0,64.0,1.0,Suramérica,Itagüí,2022-08-28,3.0,6.256602,-75.575637,1.0,290000000.0,Images/233618.jpeg,https://www.redinmobiliariamls.com/itagi/suramerica/1/233618
147000.0,59.0,2.0,La Doctora,Sabaneta,2022-08-28,3.0,6.144881,-75.611415,1.0,250000000.0,Images/233619.jpeg,https://www.redinmobiliariamls.com/sabaneta/la-doctora/1/233619
582000.0,165.0,2.0,Laureles,Medellín,2022-08-28,3.0,6.241048,-75.596835,2.0,650000000.0,Images/233622.jpeg,https://www.redinmobiliariamls.com/medellin/laureles/1/233622
185000.0,56.0,2.0,V. Fontibon ,Rionegro,2022-08-28,2.0,6.166886,-75.377156,1.0,305000000.0,Images/233627.jpeg,https://www.redinmobiliariamls.com/rionegro/v-fontibon-/1/233627
300000.0,88.0,2.0,Loma del Indio,Medellín,2022-08-28,3.0,6.256602,-75.575637,1.0,525000000.0,Images/233633.jpeg,https://www.redinmobiliariamls.com/medellin/loma-del-indio/1/233633
100000.0,40.1,1.0,Trapiche,Bello,2022-08-28,1.0,6.339154,-75.573607,1.0,146000000.0,Images/233636.jpeg,https://www.redinmobiliariamls.com/bello/trapiche/1/233636
60000.0,77.0,2.0,Cabañitas,Bello,2022-08-28,3.0,6.312471,-75.563107,0.0,215000000.0,Images/233639.jpeg,https://www.redinmobiliariamls.com/bello/cabanitas/1/233639
560000.0,150.0,2.0,La Mota,Medellín,2022-08-28,3.0,6.211487,-75.602073,1.0,550000000.0,Images/233642.jpeg,https://www.redinmobiliariamls.com/medellin/la-mota/1/233642
130000.0,54.0,2.0,Madera,Bello,2022-08-28,3.0,6.256602,-75.575637,0.0,170000000.0,Images/233647.jpeg,https://www.redinmobiliariamls.com/bello/madera/1/233647
220000.0,120.0,3.0,Suramérica,Itagüí,2022-08-28,5.0,6.256602,-75.575637,1.0,350000000.0,Images/233652.jpeg,https://www.redinmobiliariamls.com/itagi/suramerica/1/233652
430000.0,118.0,3.0,Laureles,Medellín,2022-08-28,3.0,6.24565,-75.593313,2.0,825000000.0,Images/233654.jpeg,https://www.redinmobiliariamls.com/medellin/laureles/1/233654
430000.0,118.0,3.0,Laureles,Medellín,2022-08-28,3.0,6.24565,-75.593313,2.0,825000000.0,Images/233655.jpeg,https://www.redinmobiliariamls.com/medellin/laureles/1/233655
520000.0,81.0,1.0,Laureles,Medellín,2022-08-28,1.0,6.241862,-75.592905,1.0,660000000.0,Images/233658.jpeg,https://www.redinmobiliariamls.com/medellin/laureles/1/233658
251000.0,71.0,2.0,Suramérica,La Estrella,2022-08-09,3.0,6.164653,-75.636015,1.0,310000000.0,Images/233659.jpeg,https://www.redinmobiliariamls.com/la-estrella/suramerica/1/233659
236500.0,71.0,2.0,La Aguacatala,Medellín,2022-08-28,1.0,6.196913,-75.578876,1.0,350000000.0,Images/233665.jpeg,https://www.redinmobiliariamls.com/medellin/la-aguacatala/1/233665
676300.0,151.0,2.0,Loma de los Parra,Medellín,2022-08-28,3.0,6.202912,-75.569986,2.0,1200000000.0,Images/233676.jpeg,https://www.redinmobiliariamls.com/medellin/loma-de-los-parra/1/233676
245000.0,74.23,2.0,Rural,San Jerónimo,2022-08-28,2.0,6.442825,-75.727766,1.0,275000000.0,Images/233677.jpeg,https://www.redinmobiliariamls.com/san-jeronimo/rural/1/233677
220000.0,70.0,2.0,San Germán,Medellín,2022-08-28,2.0,6.256602,-75.575637,1.0,435000000.0,Images/233678.jpeg,https://www.redinmobiliariamls.com/medellin/san-german/1/233678
220000.0,73.0,2.0,Sector Los Colegios,Rionegro,2022-08-28,3.0,6.48096,-75.579644,1.0,405000000.0,Images/233683.jpeg,https://www.redinmobiliariamls.com/rionegro/sector-los-colegios/1/233683
520000.0,81.0,1.0,Laureles,Medellín,2022-08-28,1.0,6.241862,-75.592905,1.0,630000000.0,Images/233693.jpeg,https://www.redinmobiliariamls.com/medellin/laureles/1/233693
520000.0,81.0,1.0,Laureles,Medellín,2022-08-28,1.0,6.241862,-75.592905,1.0,630000000.0,Images/233694.jpeg,https://www.redinmobiliariamls.com/medellin/laureles/1/233694
700000.0,214.0,3.0,Los Balsos Nº 1,Medellín,2022-08-28,3.0,6.186563,-75.559086,2.0,1750000000.0,Images/233697.jpeg,https://www.redinmobiliariamls.com/medellin/los-balsos-n-1/1/233697
376808.0,57.0,2.0,V. Fontibon ,Rionegro,2022-08-28,3.0,6.164162,-75.373898,1.0,327000000.0,Images/233704.jpeg,https://www.redinmobiliariamls.com/rionegro/v-fontibon-/1/233704
220000.0,67.0,2.0,Loma de San Jose,Sabaneta,2022-08-28,3.0,6.141787,-75.61855,1.0,355000000.0,Images/233705.jpeg,https://www.redinmobiliariamls.com/sabaneta/loma-de-san-jose/1/233705
349300.0,87.12,2.0,Transversal Intermedia,Envigado,2022-08-28,3.0,6.175682,-75.566082,2.0,499000000.0,Images/233707.jpeg,https://www.redinmobiliariamls.com/envigado/transversal-intermedia/1/233707
162000.0,50.2,2.0,Boston,Medellín,2022-08-28,2.0,6.245656,-75.56121,0.0,210000000.0,Images/233708.jpeg,https://www.redinmobiliariamls.com/medellin/boston/1/233708
332000.0,121.0,2.0,Laureles,Medellín,2022-08-28,4.0,6.245323,-75.609988,1.0,450000000.0,Images/233710.jpeg,https://www.redinmobiliariamls.com/medellin/laureles/1/233710
259000.0,116.0,2.0,Florida Nueva,Medellín,2022-08-09,3.0,6.252021,-75.594733,1.0,598000000.0,Images/233712.jpeg,https://www.redinmobiliariamls.com/medellin/florida-nueva/1/233712
575000.0,158.0,3.0,Centro,Medellín,2022-08-28,4.0,6.251056,-75.56316,1.0,335000000.0,Images/233716.jpeg,https://www.redinmobiliariamls.com/medellin/centro/1/233716
,182.0,3.0,Loma de Las Brujas,Envigado,2022-08-09,3.0,6.159277,-75.574265,3.0,950000000.0,Images/233718.jpeg,https://www.redinmobiliariamls.com/envigado/loma-de-las-brujas/1/233718
125000.0,50.0,2.0,El Mirador,Bello,2022-08-28,3.0,6.351216,-75.55685,1.0,175000000.0,Images/233719.jpeg,https://www.redinmobiliariamls.com/bello/el-mirador/1/233719
360000.0,92.3,2.0,El Carmelo,Sabaneta,2022-08-28,3.0,6.149623,-75.609243,2.0,470000000.0,Images/233722.jpeg,https://www.redinmobiliariamls.com/sabaneta/el-carmelo/1/233722
,53.0,1.0,Calatrava,Itagüí,2022-08-28,3.0,6.256602,-75.575637,0.0,180000000.0,Images/233724.jpeg,https://www.redinmobiliariamls.com/itagi/calatrava/1/233724
,38.0,1.0,Barrio Antioquia,Medellín,2022-08-28,1.0,6.226873,-75.584,0.0,170000000.0,Images/233734.jpeg,https://www.redinmobiliariamls.com/medellin/barrio-antioquia/1/233734
113000.0,50.0,1.0,Centro,Medellín,2022-08-28,3.0,6.256602,-75.575637,0.0,230000000.0,Images/233735.jpeg,https://www.redinmobiliariamls.com/medellin/centro/1/233735
,38.07,1.0,Barrio Antioquia,Medellín,2022-08-28,1.0,6.226873,-75.584,0.0,170000000.0,Images/233737.jpeg,https://www.redinmobiliariamls.com/medellin/barrio-antioquia/1/233737
267173.0,85.96,2.0,Sector Los Colegios,Rionegro,2022-08-28,3.0,6.256602,-75.575637,2.0,450000000.0,Images/233738.jpeg,https://www.redinmobiliariamls.com/rionegro/sector-los-colegios/1/233738
426300.0,83.0,2.0,Urbano,San Jerónimo,2022-08-28,3.0,6.443128,-75.732142,1.0,450000000.0,Images/233742.jpeg,https://www.redinmobiliariamls.com/san-jeronimo/urbano/1/233742
950000.0,377.0,4.0,La Tomatera,Medellín,2022-08-28,4.0,6.203292,-75.568024,2.0,1790000000.0,Images/233744.jpeg,https://www.redinmobiliariamls.com/medellin/la-tomatera/1/233744
,50.02,2.0,V. Fontibon ,Rionegro,2022-08-28,2.0,6.456567,-75.584505,1.0,255000000.0,Images/233746.jpeg,https://www.redinmobiliariamls.com/rionegro/v-fontibon-/1/233746
641000.0,192.0,3.0,La Aguacatala,Medellín,2022-08-09,3.0,6.195709,-75.576226,2.0,750000000.0,Images/233749.jpeg,https://www.redinmobiliariamls.com/medellin/la-aguacatala/1/233749
490000.0,273.48,4.0,Loma de Las Brujas,Envigado,2022-08-28,3.0,6.158711,-75.574873,3.0,1460000000.0,Images/233753.jpeg,https://www.redinmobiliariamls.com/envigado/loma-de-las-brujas/1/233753
378283.0,152.0,2.0,El Portal,Envigado,2022-08-28,3.0,6.172471,-75.589571,2.0,700000000.0,Images/233754.jpeg,https://www.redinmobiliariamls.com/envigado/el-portal/1/233754
474000.0,113.03,2.0,El Poblado,Medellín,2022-08-28,3.0,6.249323,-75.55038,1.0,590000000.0,Images/233757.jpeg,https://www.redinmobiliariamls.com/medellin/el-poblado/1/233757
464000.0,114.85,2.0,Las Lomitas,Sabaneta,2022-08-28,3.0,6.14472,-75.61088,1.0,500000000.0,Images/233759.jpeg,https://www.redinmobiliariamls.com/sabaneta/las-lomitas/1/233759
342000.0,100.0,3.0,Alameda,Medellín,2022-08-09,3.0,6.256602,-75.575637,1.0,600000000.0,Images/233761.jpeg,https://www.redinmobiliariamls.com/medellin/alameda/1/233761
187000.0,58.0,2.0,El Porvenir,Rionegro,2022-08-28,2.0,6.256602,-75.575637,1.0,360000000.0,Images/233763.jpeg,https://www.redinmobiliariamls.com/rionegro/el-porvenir/1/233763
750000.0,192.0,3.0,San Lucas,Medellín,2022-08-28,3.0,6.181439,-75.561989,2.0,1250000000.0,Images/233766.jpeg,https://www.redinmobiliariamls.com/medellin/san-lucas/1/233766
120000.0,51.6,2.0,Centro,La Estrella,2022-08-28,2.0,6.159841,-75.643531,0.0,240000000.0,Images/233769.jpeg,https://www.redinmobiliariamls.com/la-estrella/centro/1/233769
,64.48,1.0,Loma Los Gonzalez,Medellín,2022-08-28,1.0,6.190734,-75.563322,1.0,506168000.0,Images/233772.jpeg,https://www.redinmobiliariamls.com/medellin/loma-los-gonzalez/1/233772
260000.0,67.0,2.0,El Trianón,Envigado,2022-08-28,3.0,6.156315,-75.592187,1.0,345000000.0,Images/233773.jpeg,https://www.redinmobiliariamls.com/envigado/el-trianon/1/233773
540000.0,158.0,2.0,Oviedo,Medellín,2022-08-28,3.0,6.197018,-75.575868,2.0,820000000.0,Images/233777.jpeg,https://www.redinmobiliariamls.com/medellin/oviedo/1/233777
,125.97,2.0,Laureles,Medellín,2022-08-28,3.0,6.256602,-75.575637,0.0,420000000.0,Images/233779.jpeg,https://www.redinmobiliariamls.com/medellin/laureles/1/233779
655000.0,195.0,4.0,La Calera,Medellín,2022-08-28,3.0,6.200737,-75.553029,3.0,980000000.0,Images/233783.jpeg,https://www.redinmobiliariamls.com/medellin/la-calera/1/233783
327000.0,88.0,2.0,La Abadía,Envigado,2022-08-28,3.0,6.256602,-75.575637,1.0,471900000.0,Images/233785.jpeg,https://www.redinmobiliariamls.com/envigado/la-abadia/1/233785
420000.0,100.0,3.0,Provenza,Medellín,2022-08-28,3.0,6.256602,-75.575637,1.0,650000000.0,Images/233787.jpeg,https://www.redinmobiliariamls.com/medellin/provenza/1/233787
226000.0,75.21,2.0,V. Pan de Azúcar,Sabaneta,2022-08-28,3.0,6.256602,-75.575637,1.0,455000000.0,Images/233789.jpeg,https://www.redinmobiliariamls.com/sabaneta/v-pan-de-azucar/1/233789
650000.0,100.0,2.0,San Lucas,Medellín,2022-08-28,3.0,6.256602,-75.575637,1.0,430000000.0,Images/233790.jpeg,https://www.redinmobiliariamls.com/medellin/san-lucas/1/233790
290000.0,100.0,2.0,Calasanz Parte Alta,Medellín,2022-08-28,2.0,6.256602,-75.575637,1.0,495000000.0,Images/233802.jpeg,https://www.redinmobiliariamls.com/medellin/calasanz-parte-alta/1/233802
91451.0,40.0,1.0,Buenos Aires,Medellín,2022-08-28,2.0,6.256602,-75.575637,0.0,155000000.0,Images/233803.jpeg,https://www.redinmobiliariamls.com/medellin/buenos-aires/1/233803
220000.0,67.21,2.0,Loma de San Jose,Sabaneta,2022-08-09,3.0,6.142562,-75.619285,1.0,350000000.0,Images/233807.jpeg,https://www.redinmobiliariamls.com/sabaneta/loma-de-san-jose/1/233807
614000.0,87.07,2.0,Conquistadores,Medellín,2022-08-28,3.0,6.240871,-75.584707,1.0,500000000.0,Images/233817.jpeg,https://www.redinmobiliariamls.com/medellin/conquistadores/1/233817
305000.0,68.0,2.0,Urbano,San Jerónimo,2022-08-28,2.0,6.256602,-75.575637,1.0,340000000.0,Images/233825.jpeg,https://www.redinmobiliariamls.com/san-jeronimo/urbano/1/233825
742490.0,369.64,3.0,Laureles,Medellín,2022-08-28,4.0,6.242924,-75.594401,2.0,985000000.0,Images/233829.jpeg,https://www.redinmobiliariamls.com/medellin/laureles/1/233829
139000.0,62.0,2.0,Trapiche,Bello,2022-08-09,3.0,6.34362,-75.576882,1.0,199000000.0,Images/233833.jpeg,https://www.redinmobiliariamls.com/bello/trapiche/1/233833
25000.0,62.0,2.0,Asturias,Itagüí,2022-08-28,3.0,6.256602,-75.575637,0.0,240000000.0,Images/233839.jpeg,https://www.redinmobiliariamls.com/itagi/asturias/1/233839
190000.0,117.0,2.0,Bolivariana,Medellín,2022-08-28,3.0,6.246724,-75.591715,1.0,350000000.0,Images/233840.jpeg,https://www.redinmobiliariamls.com/medellin/bolivariana/1/233840
638000.0,93.25,2.0,Lalinde,Medellín,2022-08-28,2.0,6.212801,-75.566538,2.0,799000000.0,Images/233850.jpeg,https://www.redinmobiliariamls.com/medellin/lalinde/1/233850
290000.0,80.65,2.0,Alto de Las Flores,Sabaneta,2022-08-09,2.0,6.149623,-75.609243,1.0,400000000.0,Images/233852.jpeg,https://www.redinmobiliariamls.com/sabaneta/alto-de-las-flores/1/233852
434000.0,129.0,3.0,Alejandría,Medellín,2022-08-28,3.0,6.199022,-75.572335,2.0,870000000.0,Images/233862.jpeg,https://www.redinmobiliariamls.com/medellin/alejandria/1/233862
268000.0,73.6,2.0,Aves Marías,Sabaneta,2022-08-28,2.0,6.145035,-75.611761,1.0,385000000.0,Images/233864.jpeg,https://www.redinmobiliariamls.com/sabaneta/aves-marias/1/233864
459000.0,85.0,2.0,Bomboná Nº 1,Medellín,2022-08-28,3.0,6.243438,-75.561916,1.0,320000000.0,Images/233871.jpeg,https://www.redinmobiliariamls.com/medellin/bombona-n-1/1/233871
1292000.0,278.0,3.0,El Tesoro,Medellín,2022-08-28,3.0,6.256602,-75.575637,4.0,2098000000.0,Images/233874.jpeg,https://www.redinmobiliariamls.com/medellin/el-tesoro/1/233874
,36.0,2.0,Santa Monica 2,Medellín,2022-08-28,1.0,6.256602,-75.575637,0.0,179100000.0,Images/233877.jpeg,https://www.redinmobiliariamls.com/medellin/santa-monica-2/1/233877
,45.0,2.0,Santa Monica 2,Medellín,2022-08-28,2.0,6.256602,-75.575637,0.0,209667000.0,Images/233878.jpeg,https://www.redinmobiliariamls.com/medellin/santa-monica-2/1/233878
,48.0,2.0,Santa Monica 2,Medellín,2022-08-28,2.0,6.256602,-75.575637,0.0,222545000.0,Images/233879.jpeg,https://www.redinmobiliariamls.com/medellin/santa-monica-2/1/233879
,48.0,2.0,V. El Tambo,La Ceja,2022-08-28,3.0,6.256602,-75.575637,1.0,158000000.0,Images/233880.jpeg,https://www.redinmobiliariamls.com/la-ceja/v-el-tambo/1/233880
,57.0,2.0,Sector Fizebad,El Retiro,2022-08-28,3.0,6.256602,-75.575637,1.0,430000000.0,Images/233883.jpeg,https://www.redinmobiliariamls.com/el-retiro/sector-fizebad/1/233883
,49.38,2.0,Urbano (La Ceja),La Ceja,2022-08-28,2.0,6.021739,-75.436337,0.0,158000000.0,Images/233884.jpeg,https://www.redinmobiliariamls.com/la-ceja/urbano-la-ceja/1/233884
,48.0,2.0,Urbano (La Ceja),La Ceja,2022-08-28,2.0,6.021739,-75.436337,0.0,158000000.0,Images/233885.jpeg,https://www.redinmobiliariamls.com/la-ceja/urbano-la-ceja/1/233885
160000.0,67.0,2.0,El Guayabo,Itagüí,2022-08-28,3.0,6.256602,-75.575637,1.0,280000000.0,Images/233888.jpeg,https://www.redinmobiliariamls.com/itagi/el-guayabo/1/233888
900000.0,193.0,3.0,Alejandría,Medellín,2022-08-28,3.0,6.199757,-75.568022,2.0,1750000000.0,Images/233890.jpeg,https://www.redinmobiliariamls.com/medellin/alejandria/1/233890
,60.0,2.0,Aves Marías,Sabaneta,2022-08-28,2.0,6.146415,-75.613016,1.0,273000000.0,Images/233897.jpeg,https://www.redinmobiliariamls.com/sabaneta/aves-marias/1/233897
317090.0,73.1,2.0,Centro,Itagüí,2022-08-28,2.0,6.170895,-75.609893,1.0,315000000.0,Images/233903.jpeg,https://www.redinmobiliariamls.com/itagi/centro/1/233903
,64.03,2.0,V. El Tambo,La Ceja,2022-08-28,3.0,6.256602,-75.575637,1.0,340000000.0,Images/233911.jpeg,https://www.redinmobiliariamls.com/la-ceja/v-el-tambo/1/233911
,56.06,2.0,Alcaravanes,Marinilla,2022-08-28,3.0,6.256602,-75.575637,1.0,316000000.0,Images/233914.jpeg,https://www.redinmobiliariamls.com/marinilla/alcaravanes/1/233914
55000.0,40.89,1.0,Centro,La Estrella,2022-08-28,1.0,6.156674,-75.639623,0.0,155000000.0,Images/233917.jpeg,https://www.redinmobiliariamls.com/la-estrella/centro/1/233917
245000.0,129.0,4.0,Aves Marías,Sabaneta,2022-08-28,3.0,6.256602,-75.575637,1.0,385000000.0,Images/233918.jpeg,https://www.redinmobiliariamls.com/sabaneta/aves-marias/1/233918
806300.0,163.0,5.0,Las Lomas Nº 1,Medellín,2022-08-28,3.0,6.211871,-75.55806,3.0,1200000000.0,Images/233919.jpeg,https://www.redinmobiliariamls.com/medellin/las-lomas-n-1/1/233919
,78.0,2.0,Alameda,Medellín,2022-08-28,3.0,6.256602,-75.575637,1.0,500000000.0,Images/233921.jpeg,https://www.redinmobiliariamls.com/medellin/alameda/1/233921
,78.0,2.0,Alameda,Medellín,2022-08-28,3.0,6.256602,-75.575637,1.0,500000000.0,Images/233922.jpeg,https://www.redinmobiliariamls.com/medellin/alameda/1/233922
,78.0,2.0,Alameda,Medellín,2022-08-28,2.0,6.256602,-75.575637,1.0,500000000.0,Images/233923.jpeg,https://www.redinmobiliariamls.com/medellin/alameda/1/233923
,78.0,2.0,Alameda,Medellín,2022-08-28,2.0,6.256602,-75.575637,1.0,500000000.0,Images/233924.jpeg,https://www.redinmobiliariamls.com/medellin/alameda/1/233924
,78.0,2.0,Alameda,Medellín,2022-08-28,2.0,6.256602,-75.575637,1.0,500000000.0,Images/233925.jpeg,https://www.redinmobiliariamls.com/medellin/alameda/1/233925
,65.78,2.0,Alameda,Medellín,2022-08-28,2.0,6.256602,-75.575637,0.0,350000000.0,Images/233926.jpeg,https://www.redinmobiliariamls.com/medellin/alameda/1/233926
,65.78,2.0,Alameda,Medellín,2022-08-28,2.0,6.256602,-75.575637,0.0,350000000.0,Images/233927.jpeg,https://www.redinmobiliariamls.com/medellin/alameda/1/233927
,65.78,2.0,Alameda,Medellín,2022-08-28,2.0,6.256602,-75.575637,0.0,350000000.0,Images/233928.jpeg,https://www.redinmobiliariamls.com/medellin/alameda/1/233928
,65.78,2.0,Alameda,Medellín,2022-08-28,2.0,6.256602,-75.575637,0.0,350000000.0,Images/233929.jpeg,https://www.redinmobiliariamls.com/medellin/alameda/1/233929
,65.78,2.0,Alameda,Medellín,2022-08-28,2.0,6.256602,-75.575637,0.0,350000000.0,Images/233930.jpeg,https://www.redinmobiliariamls.com/medellin/alameda/1/233930
,98.88,2.0,Los Naranjos,Envigado,2022-08-28,3.0,6.168554,-75.581045,1.0,370000000.0,Images/233935.jpeg,https://www.redinmobiliariamls.com/envigado/los-naranjos/1/233935
,111.0,2.0,San José Obrero,Bello,2022-08-28,3.0,6.320879,-75.559761,0.0,360000000.0,Images/233938.jpeg,https://www.redinmobiliariamls.com/bello/san-jose-obrero/1/233938
750000.0,193.0,3.0,La Tomatera,Medellín,2022-08-28,3.0,6.204257,-75.569974,3.0,1350000000.0,Images/233941.jpeg,https://www.redinmobiliariamls.com/medellin/la-tomatera/1/233941
,32.7,1.0,San Fernando,Itagüí,2022-08-09,1.0,6.194457,-75.588093,0.0,80000000.0,Images/233944.jpeg,https://www.redinmobiliariamls.com/itagi/san-fernando/1/233944
347000.0,92.0,2.0,Loma del Indio,Medellín,2022-08-09,3.0,6.227923,-75.562731,1.0,500000000.0,Images/233945.jpeg,https://www.redinmobiliariamls.com/medellin/loma-del-indio/1/233945
226630.0,55.44,2.0,Loma del Indio,Medellín,2022-08-28,2.0,6.256602,-75.575637,1.0,280000000.0,Images/233949.jpeg,https://www.redinmobiliariamls.com/medellin/loma-del-indio/1/233949
,45.46,2.0,Santa Monica 2,Medellín,2022-08-28,2.0,6.256602,-75.575637,0.0,222545000.0,Images/233950.jpeg,https://www.redinmobiliariamls.com/medellin/santa-monica-2/1/233950
,51.64,2.0,Santa Monica 2,Medellín,2022-08-28,2.0,6.256602,-75.575637,0.0,242708000.0,Images/233951.jpeg,https://www.redinmobiliariamls.com/medellin/santa-monica-2/1/233951
126786.0,50.93,2.0,María Auxiliadora,Sabaneta,2022-08-09,3.0,6.151802,-75.600323,0.0,190000000.0,Images/233952.jpeg,https://www.redinmobiliariamls.com/sabaneta/maria-auxiliadora/1/233952
616800.0,162.35,3.0,El Tesoro,Medellín,2022-08-28,3.0,6.199336,-75.55787,2.0,850000000.0,Images/233953.jpeg,https://www.redinmobiliariamls.com/medellin/el-tesoro/1/233953
,57.4,2.0,V. Fontibon ,Rionegro,2022-08-28,2.0,6.522767,-75.594875,1.0,315000000.0,Images/233956.jpeg,https://www.redinmobiliariamls.com/rionegro/v-fontibon-/1/233956
600000.0,201.0,2.0,Centro,Medellín,2022-08-28,3.0,6.248603,-75.564408,1.0,450000000.0,Images/233961.jpeg,https://www.redinmobiliariamls.com/medellin/centro/1/233961
177400.0,64.23,2.0,Santa Ana,Bello,2022-08-28,3.0,6.325669,-75.564261,1.0,295000000.0,Images/233963.jpeg,https://www.redinmobiliariamls.com/bello/santa-ana/1/233963
718000.0,238.0,2.0,Castropol,Medellín,2022-08-28,3.0,6.213912,-75.569228,2.0,850000000.0,Images/233968.jpeg,https://www.redinmobiliariamls.com/medellin/castropol/1/233968
268546.0,70.97,2.0,El Trapiche,Sabaneta,2022-08-28,3.0,6.144098,-75.62281,1.0,350000000.0,Images/233971.jpeg,https://www.redinmobiliariamls.com/sabaneta/el-trapiche/1/233971
721000.0,147.74,2.0,San Lucas,Medellín,2022-08-28,2.0,6.177239,-75.566152,2.0,810000000.0,Images/233974.jpeg,https://www.redinmobiliariamls.com/medellin/san-lucas/1/233974
345000.0,72.0,2.0,Santa Maria de los Angeles,Medellín,2022-08-28,2.0,6.192653,-75.579219,2.0,420000000.0,Images/233981.jpeg,https://www.redinmobiliariamls.com/medellin/santa-maria-de-los-angeles/1/233981
315000.0,86.0,2.0,Aves Marías,Sabaneta,2022-08-28,2.0,6.149953,-75.614324,1.0,400000000.0,Images/233982.jpeg,https://www.redinmobiliariamls.com/sabaneta/aves-marias/1/233982
120000.0,57.0,2.0,Tranvía,Rionegro,2022-08-28,3.0,6.141237,-75.377197,1.0,215000000.0,Images/233987.jpeg,https://www.redinmobiliariamls.com/rionegro/tranvia/1/233987
115300.0,48.4,2.0,Navarra,Bello,2022-08-09,3.0,6.346487,-75.523628,0.0,175000000.0,Images/233988.jpeg,https://www.redinmobiliariamls.com/bello/navarra/1/233988
179000.0,64.0,2.0,Viviendas del Sur,Itagüí,2022-08-28,3.0,6.196048,-75.595548,1.0,315000000.0,Images/233997.jpeg,https://www.redinmobiliariamls.com/itagi/viviendas-del-sur/1/233997
179000.0,64.0,2.0,Viviendas del Sur,Itagüí,2022-08-28,3.0,6.256602,-75.575637,1.0,320000000.0,Images/233998.jpeg,https://www.redinmobiliariamls.com/itagi/viviendas-del-sur/1/233998
180000.0,64.5,2.0,La Colina,Itagüí,2022-08-28,3.0,6.196048,-75.595548,1.0,319000000.0,Images/234002.jpeg,https://www.redinmobiliariamls.com/itagi/la-colina/1/234002
309000.0,90.0,2.0,Centro,Sabaneta,2022-08-28,3.0,6.256602,-75.575637,1.0,420000000.0,Images/234004.jpeg,https://www.redinmobiliariamls.com/sabaneta/centro/1/234004
197000.0,63.0,2.0,Suramérica,Itagüí,2022-08-28,2.0,6.163691,-75.632371,1.0,305000000.0,Images/234005.jpeg,https://www.redinmobiliariamls.com/itagi/suramerica/1/234005
350000.0,115.0,4.0,Castropol,Medellín,2022-08-28,3.0,6.263814,-75.55376,2.0,850000000.0,Images/234008.jpeg,https://www.redinmobiliariamls.com/medellin/castropol/1/234008
1000000.0,232.0,4.0,Los Balsos Nº 2,Medellín,2022-08-28,3.0,6.186102,-75.557882,3.0,1630000000.0,Images/234009.jpeg,https://www.redinmobiliariamls.com/medellin/los-balsos-n-2/1/234009
498000.0,111.88,2.0,Conquistadores,Medellín,2022-08-28,3.0,6.240832,-75.580319,2.0,530000000.0,Images/234014.jpeg,https://www.redinmobiliariamls.com/medellin/conquistadores/1/234014
718000.0,139.66,2.0,El Tesoro,Medellín,2022-08-09,3.0,6.202949,-75.558798,2.0,585000000.0,Images/234018.jpeg,https://www.redinmobiliariamls.com/medellin/el-tesoro/1/234018
150000.0,94.5,3.0,Santa Teresita,Medellín,2022-08-28,3.0,6.243498,-75.611211,1.0,330000000.0,Images/234020.jpeg,https://www.redinmobiliariamls.com/medellin/santa-teresita/1/234020
190000.0,69.0,2.0,Cabañas,Bello,2022-08-28,3.0,6.320016,-75.567364,1.0,340000000.0,Images/234026.jpeg,https://www.redinmobiliariamls.com/bello/cabanas/1/234026
490000.0,67.0,1.0,Aeropuerto,Rionegro,2022-08-09,1.0,6.256602,-75.575637,1.0,330000000.0,Images/234027.jpeg,https://www.redinmobiliariamls.com/rionegro/aeropuerto/1/234027
490770.0,143.9,3.0,El Portal,Envigado,2022-08-28,3.0,6.172152,-75.586884,1.0,560000000.0,Images/234030.jpeg,https://www.redinmobiliariamls.com/envigado/el-portal/1/234030
600000.0,163.0,3.0,Las Orquídeas,Envigado,2022-08-09,3.0,6.256602,-75.575637,2.0,650000000.0,Images/234035.jpeg,https://www.redinmobiliariamls.com/envigado/las-orquideas/1/234035
778000.0,180.0,3.0,Laureles,Medellín,2022-08-28,3.0,6.241037,-75.592989,3.0,1230000000.0,Images/234038.jpeg,https://www.redinmobiliariamls.com/medellin/laureles/1/234038
,87.0,2.0,Los Alcazares,Sabaneta,2022-08-28,3.0,6.149359,-75.609064,1.0,506047109.0,Images/234040.jpeg,https://www.redinmobiliariamls.com/sabaneta/los-alcazares/1/234040
,77.62,1.0,San Pío,Itagüí,2022-08-28,2.0,6.163652,-75.622856,0.0,275000000.0,Images/234048.jpeg,https://www.redinmobiliariamls.com/itagi/san-pio/1/234048
,78.0,2.0,Los Alcazares,Sabaneta,2022-08-28,3.0,6.149359,-75.609064,1.0,456572038.0,Images/234051.jpeg,https://www.redinmobiliariamls.com/sabaneta/los-alcazares/1/234051
,76.0,2.0,Los Alcazares,Sabaneta,2022-08-28,2.0,6.149359,-75.609064,1.0,436882782.0,Images/234052.jpeg,https://www.redinmobiliariamls.com/sabaneta/los-alcazares/1/234052
,78.0,2.0,Los Alcazares,Sabaneta,2022-08-28,3.0,6.15354,-75.612454,1.0,454826320.0,Images/234053.jpeg,https://www.redinmobiliariamls.com/sabaneta/los-alcazares/1/234053
,78.0,2.0,Los Alcazares,Sabaneta,2022-08-28,3.0,6.153491,-75.61222,1.0,448085072.0,Images/234054.jpeg,https://www.redinmobiliariamls.com/sabaneta/los-alcazares/1/234054
,78.0,2.0,V. Las Lomitas,Sabaneta,2022-08-28,3.0,6.153497,-75.611252,1.0,454826320.0,Images/234055.jpeg,https://www.redinmobiliariamls.com/sabaneta/v-las-lomitas/1/234055
,87.0,2.0,Los Alcazares,Sabaneta,2022-08-28,3.0,6.153449,-75.611943,1.0,504097724.0,Images/234056.jpeg,https://www.redinmobiliariamls.com/sabaneta/los-alcazares/1/234056
,87.0,2.0,Los Alcazares,Sabaneta,2022-08-28,3.0,6.149359,-75.609064,1.0,504097724.0,Images/234057.jpeg,https://www.redinmobiliariamls.com/sabaneta/los-alcazares/1/234057
,56.0,2.0,Conquistadores,Medellín,2022-08-28,1.0,6.239281,-75.585036,0.0,220000000.0,Images/234061.jpeg,https://www.redinmobiliariamls.com/medellin/conquistadores/1/234061
298000.0,86.45,2.0,El Esmeraldal,Envigado,2022-08-09,2.0,6.167075,-75.569383,2.0,680000000.0,Images/234066.jpeg,https://www.redinmobiliariamls.com/envigado/el-esmeraldal/1/234066
663000.0,172.5,2.0,El Tesoro,Medellín,2022-08-28,3.0,6.256602,-75.575637,2.0,850000000.0,Images/234068.jpeg,https://www.redinmobiliariamls.com/medellin/el-tesoro/1/234068
323000.0,64.5,2.0,Las Palmas,Medellín,2022-08-28,1.0,6.217929,-75.559123,1.0,360000000.0,Images/234074.jpeg,https://www.redinmobiliariamls.com/medellin/las-palmas/1/234074
460000.0,102.0,3.0,Santa Maria de los Angeles,Medellín,2022-08-28,3.0,6.222007,-75.574645,2.0,725653000.0,Images/234075.jpeg,https://www.redinmobiliariamls.com/medellin/santa-maria-de-los-angeles/1/234075
893000.0,161.0,3.0,Bolivariana,Medellín,2022-08-28,3.0,6.245878,-75.594563,2.0,930000000.0,Images/234080.jpeg,https://www.redinmobiliariamls.com/medellin/bolivariana/1/234080
702000.0,187.0,3.0,Loma de los Parra,Medellín,2022-08-28,3.0,6.256602,-75.575637,3.0,1250000000.0,Images/234083.jpeg,https://www.redinmobiliariamls.com/medellin/loma-de-los-parra/1/234083
320000.0,78.0,2.0,Loma del Indio,Medellín,2022-08-09,3.0,6.256602,-75.575637,2.0,445000000.0,Images/234085.jpeg,https://www.redinmobiliariamls.com/medellin/loma-del-indio/1/234085
500000.0,149.0,3.0,V. Las Lomitas,Sabaneta,2022-08-28,3.0,6.143894,-75.606287,2.0,809000000.0,Images/234086.jpeg,https://www.redinmobiliariamls.com/sabaneta/v-las-lomitas/1/234086
238000.0,51.8,1.0,Ciudad del Rio,Medellín,2022-08-28,1.0,6.223368,-75.572367,1.0,405000000.0,Images/234089.jpeg,https://www.redinmobiliariamls.com/medellin/ciudad-del-rio/1/234089
500000.0,157.0,2.0,V. Las Lomitas,Sabaneta,2022-08-28,3.0,6.147094,-75.601308,2.0,854610000.0,Images/234095.jpeg,https://www.redinmobiliariamls.com/sabaneta/v-las-lomitas/1/234095
500000.0,149.0,2.0,V. Las Lomitas,Sabaneta,2022-08-28,3.0,6.143894,-75.606287,2.0,810000000.0,Images/234096.jpeg,https://www.redinmobiliariamls.com/sabaneta/v-las-lomitas/1/234096
500000.0,149.0,2.0,V. Las Lomitas,Sabaneta,2022-08-28,3.0,6.143894,-75.606287,2.0,812000000.0,Images/234097.jpeg,https://www.redinmobiliariamls.com/sabaneta/v-las-lomitas/1/234097
142000.0,56.1,2.0,V. Cuchillas de San José,Rionegro,2022-08-28,2.0,6.256602,-75.575637,1.0,285000000.0,Images/234098.jpeg,https://www.redinmobiliariamls.com/rionegro/v-cuchillas-de-san-jose/1/234098
100000.0,60.0,1.0,Fusca,Bogotá,2022-08-28,2.0,4.715673,-74.033754,1.0,315000000.0,Images/234099.jpeg,https://www.redinmobiliariamls.com/bogota/fusca/1/234099
379000.0,124.0,3.0,Loma de Cumbres,Envigado,2022-08-28,3.0,6.167362,-75.571668,2.0,600000000.0,Images/234102.jpeg,https://www.redinmobiliariamls.com/envigado/loma-de-cumbres/1/234102
1200000.0,122.0,2.0,El Tesoro,Medellín,2022-08-28,2.0,6.196348,-75.556461,2.0,1550000000.0,Images/234106.jpeg,https://www.redinmobiliariamls.com/medellin/el-tesoro/1/234106
520000.0,100.0,2.0,El Tesoro,Medellín,2022-08-28,3.0,6.191077,-75.560193,2.0,730000000.0,Images/234107.jpeg,https://www.redinmobiliariamls.com/medellin/el-tesoro/1/234107
660000.0,152.0,4.0,La Calera,Medellín,2022-08-28,3.0,6.200737,-75.553029,2.0,908000000.0,Images/234108.jpeg,https://www.redinmobiliariamls.com/medellin/la-calera/1/234108
880000.0,150.0,2.0,Alejandría,Medellín,2022-08-28,3.0,6.256602,-75.575637,2.0,1100000000.0,Images/234110.jpeg,https://www.redinmobiliariamls.com/medellin/alejandria/1/234110
290000.0,95.0,2.0,Conquistadores,Medellín,2022-08-28,2.0,6.238656,-75.577987,1.0,460000000.0,Images/234111.jpeg,https://www.redinmobiliariamls.com/medellin/conquistadores/1/234111
200000.0,63.0,2.0,El Chinguí,Envigado,2022-08-28,2.0,6.154268,-75.583413,1.0,360000000.0,Images/234114.jpeg,https://www.redinmobiliariamls.com/envigado/el-chingui/1/234114
572000.0,155.0,3.0,Las Lomas Nº 1,Medellín,2022-08-28,3.0,6.256602,-75.575637,2.0,750000000.0,Images/234115.jpeg,https://www.redinmobiliariamls.com/medellin/las-lomas-n-1/1/234115
130000.0,54.0,2.0,Navarra,Bello,2022-08-28,3.0,6.343919,-75.532422,1.0,190000000.0,Images/234117.jpeg,https://www.redinmobiliariamls.com/bello/navarra/1/234117
170000.0,65.0,2.0,Las Palmas,Medellín,2022-08-28,2.0,6.224298,-75.561794,1.0,460000000.0,Images/234119.jpeg,https://www.redinmobiliariamls.com/medellin/las-palmas/1/234119
380000.0,80.88,1.0,Loma Los Gonzalez,Medellín,2022-08-28,1.0,6.193365,-75.561748,1.0,520000000.0,Images/234121.jpeg,https://www.redinmobiliariamls.com/medellin/loma-los-gonzalez/1/234121
253000.0,125.0,3.0,Laureles,Medellín,2022-08-28,4.0,6.256602,-75.575637,1.0,420000000.0,Images/234122.jpeg,https://www.redinmobiliariamls.com/medellin/laureles/1/234122
220000.0,79.0,2.0,Las Lomitas,Sabaneta,2022-08-28,3.0,6.150494,-75.616301,1.0,410000000.0,Images/234128.jpeg,https://www.redinmobiliariamls.com/sabaneta/las-lomitas/1/234128
318108.0,76.14,2.0,Los Colores,Medellín,2022-08-28,3.0,6.268285,-75.592189,1.0,375000000.0,Images/234135.jpeg,https://www.redinmobiliariamls.com/medellin/los-colores/1/234135
280000.0,73.0,2.0,Suramérica,Itagüí,2022-08-28,3.0,6.164528,-75.632312,1.0,335000000.0,Images/234137.jpeg,https://www.redinmobiliariamls.com/itagi/suramerica/1/234137
180000.0,118.0,2.0,Simón Bolívar,Medellín,2022-08-28,3.0,6.244148,-75.583054,1.0,589000000.0,Images/234139.jpeg,https://www.redinmobiliariamls.com/medellin/simon-bolivar/1/234139
1100000.0,262.25,4.0,Loma de Las Brujas,Envigado,2022-08-28,3.0,6.157579,-75.572605,3.0,1700000000.0,Images/234141.jpeg,https://www.redinmobiliariamls.com/envigado/loma-de-las-brujas/1/234141
201000.0,57.0,2.0,V. Cañaveralejo,Sabaneta,2022-08-28,2.0,6.141651,-75.621331,1.0,310000000.0,Images/234142.jpeg,https://www.redinmobiliariamls.com/sabaneta/v-canaveralejo/1/234142
344000.0,97.0,2.0,Loma de Las Brujas,Envigado,2022-08-28,2.0,6.256602,-75.575637,1.0,595000000.0,Images/234150.jpeg,https://www.redinmobiliariamls.com/envigado/loma-de-las-brujas/1/234150
278600.0,77.0,2.0,Las Lomitas,Sabaneta,2022-08-28,3.0,6.256602,-75.575637,1.0,350000000.0,Images/234151.jpeg,https://www.redinmobiliariamls.com/sabaneta/las-lomitas/1/234151
,70.42,2.0,Centro,El Retiro,2022-08-28,2.0,6.060955,-75.502581,1.0,520000000.0,Images/234156.jpeg,https://www.redinmobiliariamls.com/el-retiro/centro/1/234156
670000.0,197.0,3.0,Santa Maria de los Angeles,Medellín,2022-08-28,3.0,6.186717,-75.580087,2.0,930000000.0,Images/234158.jpeg,https://www.redinmobiliariamls.com/medellin/santa-maria-de-los-angeles/1/234158
290000.0,112.0,2.0,Aves Marías,Sabaneta,2022-08-28,3.0,6.256602,-75.575637,1.0,620000000.0,Images/234167.jpeg,https://www.redinmobiliariamls.com/sabaneta/aves-marias/1/234167
76300.0,43.35,1.0,Robledo,Medellín,2022-08-28,3.0,6.283453,-75.545479,0.0,150000000.0,Images/234172.jpeg,https://www.redinmobiliariamls.com/medellin/robledo/1/234172
1036000.0,248.0,3.0,El Tesoro,Medellín,2022-08-28,5.0,6.204628,-75.55814,2.0,1100000000.0,Images/234177.jpeg,https://www.redinmobiliariamls.com/medellin/el-tesoro/1/234177
300000.0,140.0,2.0,Loma de Cumbres,Envigado,2022-08-28,3.0,6.169142,-75.575273,2.0,850000000.0,Images/234178.jpeg,https://www.redinmobiliariamls.com/envigado/loma-de-cumbres/1/234178
100000.0,70.0,2.0,Prado,Medellín,2022-08-28,3.0,6.256951,-75.558585,0.0,220000000.0,Images/234182.jpeg,https://www.redinmobiliariamls.com/medellin/prado/1/234182
240000.0,82.0,2.0,Los Alcazares,Sabaneta,2022-08-28,2.0,6.149359,-75.609064,1.0,472837481.0,Images/234187.jpeg,https://www.redinmobiliariamls.com/sabaneta/los-alcazares/1/234187
,46.96,1.0,Boston,Medellín,2022-08-09,2.0,6.247206,-75.550967,0.0,105000000.0,Images/234188.jpeg,https://www.redinmobiliariamls.com/medellin/boston/1/234188
240000.0,82.0,2.0,Los Alcazares,Sabaneta,2022-08-28,2.0,6.149359,-75.609064,1.0,479950039.0,Images/234189.jpeg,https://www.redinmobiliariamls.com/sabaneta/los-alcazares/1/234189
110000.0,54.8,2.0,V. La Bermejala,La Estrella,2022-08-28,2.0,6.134775,-75.634755,2.0,270000000.0,Images/234192.jpeg,https://www.redinmobiliariamls.com/la-estrella/v-la-bermejala/1/234192
500000.0,149.0,2.0,Las Lomitas,Sabaneta,2022-08-28,3.0,6.143894,-75.606287,2.0,814000000.0,Images/234194.jpeg,https://www.redinmobiliariamls.com/sabaneta/las-lomitas/1/234194
500000.0,157.0,3.0,V. Las Lomitas,Sabaneta,2022-08-28,3.0,6.143894,-75.606287,2.0,851610000.0,Images/234196.jpeg,https://www.redinmobiliariamls.com/sabaneta/v-las-lomitas/1/234196
401000.0,116.0,3.0,La Salle,Envigado,2022-08-28,3.0,6.179546,-75.581795,1.0,590000000.0,Images/234203.jpeg,https://www.redinmobiliariamls.com/envigado/la-salle/1/234203
133300.0,36.49,1.0,Manchester,Bello,2022-08-28,1.0,6.331998,-75.554663,0.0,176000000.0,Images/234205.jpeg,https://www.redinmobiliariamls.com/bello/manchester/1/234205
618000.0,148.0,4.0,San Lucas,Medellín,2022-08-28,3.0,6.180804,-75.562353,2.0,830000000.0,Images/234208.jpeg,https://www.redinmobiliariamls.com/medellin/san-lucas/1/234208
160000.0,52.4,2.0,Barrio Colombia,Medellín,2022-08-09,1.0,6.221769,-75.56841,1.0,420000000.0,Images/234221.jpeg,https://www.redinmobiliariamls.com/medellin/barrio-colombia/1/234221
70000.0,69.0,2.0,Calle Larga,Sabaneta,2022-08-09,2.0,6.152378,-75.620051,1.0,260000000.0,Images/234223.jpeg,https://www.redinmobiliariamls.com/sabaneta/calle-larga/1/234223
2050000.0,476.0,4.0,La Tomatera,Medellín,2022-08-28,5.0,6.256602,-75.575637,4.0,2900000000.0,Images/234224.jpeg,https://www.redinmobiliariamls.com/medellin/la-tomatera/1/234224
220000.0,62.0,1.0,V. Pantanillo,El Retiro,2022-08-28,3.0,6.058671,-75.496356,1.0,498000000.0,Images/234226.jpeg,https://www.redinmobiliariamls.com/el-retiro/v-pantanillo/1/234226
190000.0,65.0,2.0,Suramérica,Itagüí,2022-08-28,2.0,6.256602,-75.575637,1.0,365000000.0,Images/234230.jpeg,https://www.redinmobiliariamls.com/itagi/suramerica/1/234230
211360.0,60.45,2.0,Las Cometas,Envigado,2022-08-28,3.0,6.169955,-75.57785,1.0,295000000.0,Images/234238.jpeg,https://www.redinmobiliariamls.com/envigado/las-cometas/1/234238
484000.0,155.43,2.0,Bosques de Zuñiga,Envigado,2022-08-28,3.0,6.184435,-75.580134,2.0,600000000.0,Images/234242.jpeg,https://www.redinmobiliariamls.com/envigado/bosques-de-zuniga/1/234242
560000.0,145.0,2.0,Loma Cola del Zorro,Medellín,2022-08-28,2.0,6.207984,-75.552124,2.0,1100000000.0,Images/234247.jpeg,https://www.redinmobiliariamls.com/medellin/loma-cola-del-zorro/1/234247
850000.0,271.0,4.0,Santa Teresita,Medellín,2022-08-28,4.0,6.240594,-75.594453,3.0,1250000000.0,Images/234252.jpeg,https://www.redinmobiliariamls.com/medellin/santa-teresita/1/234252
739000.0,116.0,2.0,El Esmeraldal,Envigado,2022-08-28,2.0,6.173533,-75.569847,2.0,695000000.0,Images/234256.jpeg,https://www.redinmobiliariamls.com/envigado/el-esmeraldal/1/234256
210000.0,64.79,2.0,Ditaires,Itagüí,2022-08-28,3.0,6.256602,-75.575637,1.0,278000000.0,Images/234261.jpeg,https://www.redinmobiliariamls.com/itagi/ditaires/1/234261
730400.0,140.0,3.0,Los Balsos Nº 1,Medellín,2022-08-28,3.0,6.190281,-75.560739,2.0,650000000.0,Images/234267.jpeg,https://www.redinmobiliariamls.com/medellin/los-balsos-n-1/1/234267
170000.0,51.0,2.0,V. El Rosal,Rionegro,2022-08-28,2.0,6.151072,-75.369215,1.0,230000000.0,Images/234279.jpeg,https://www.redinmobiliariamls.com/rionegro/v-el-rosal/1/234279
340000.0,127.0,2.0,El Chinguí,Envigado,2022-08-28,1.0,6.15464,-75.574906,2.0,490000000.0,Images/234284.jpeg,https://www.redinmobiliariamls.com/envigado/el-chingui/1/234284
550000.0,104.23,2.0,Loma de los Parra,Medellín,2022-08-28,2.0,6.256602,-75.575637,1.0,932000000.0,Images/234285.jpeg,https://www.redinmobiliariamls.com/medellin/loma-de-los-parra/1/234285
280000.0,72.1,2.0,Prados de Sabaneta,Sabaneta,2022-08-28,3.0,6.256602,-75.575637,1.0,340000000.0,Images/234286.jpeg,https://www.redinmobiliariamls.com/sabaneta/prados-de-sabaneta/1/234286
534000.0,131.52,2.0,El Poblado,Medellín,2022-08-28,3.0,6.211161,-75.564414,1.0,960000000.0,Images/234289.jpeg,https://www.redinmobiliariamls.com/medellin/el-poblado/1/234289
330000.0,101.0,2.0,Nogal,Medellín,2022-08-28,3.0,6.23819,-75.600114,1.0,450000000.0,Images/234291.jpeg,https://www.redinmobiliariamls.com/medellin/nogal/1/234291
550000.0,148.82,3.0,Loma de los Parra,Medellín,2022-08-28,3.0,6.256602,-75.575637,2.0,750000000.0,Images/234295.jpeg,https://www.redinmobiliariamls.com/medellin/loma-de-los-parra/1/234295
166000.0,54.0,2.0,Calasanz Parte Alta,Medellín,2022-08-28,2.0,6.256602,-75.575637,1.0,278000000.0,Images/234300.jpeg,https://www.redinmobiliariamls.com/medellin/calasanz-parte-alta/1/234300
180000.0,60.5,2.0,San Antonio de Pereira,Rionegro,2022-08-28,2.0,6.256602,-75.575637,1.0,298000000.0,Images/234301.jpeg,https://www.redinmobiliariamls.com/rionegro/san-antonio-de-pereira/1/234301
300000.0,86.32,2.0,Castropol,Medellín,2022-08-28,3.0,6.256602,-75.575637,1.0,720000000.0,Images/234302.jpeg,https://www.redinmobiliariamls.com/medellin/castropol/1/234302
560000.0,205.0,3.0,Centro,Medellín,2022-08-28,3.0,6.250107,-75.561701,1.0,490000000.0,Images/234304.jpeg,https://www.redinmobiliariamls.com/medellin/centro/1/234304
313217.0,80.95,2.0,Ciudad del Rio,Medellín,2022-08-28,2.0,6.222302,-75.575079,,492000000.0,Images/234308.jpeg,https://www.redinmobiliariamls.com/medellin/ciudad-del-rio/1/234308
384000.0,93.0,2.0,Loma del Indio,Medellín,2022-08-28,3.0,6.228406,-75.565457,2.0,560000000.0,Images/234309.jpeg,https://www.redinmobiliariamls.com/medellin/loma-del-indio/1/234309
,76.0,2.0,El Chinguí,Envigado,2022-08-28,3.0,6.154268,-75.583413,1.0,444000000.0,Images/234310.jpeg,https://www.redinmobiliariamls.com/envigado/el-chingui/1/234310
30000.0,55.0,1.0,Guayabal,Medellín,2022-08-09,2.0,6.20126,-75.590045,0.0,165000000.0,Images/234312.jpeg,https://www.redinmobiliariamls.com/medellin/guayabal/1/234312
395000.0,122.4,3.0,La Aguacatala,Medellín,2022-08-28,3.0,6.189951,-75.582068,1.0,420000000.0,Images/234315.jpeg,https://www.redinmobiliariamls.com/medellin/la-aguacatala/1/234315
230000.0,72.69,2.0,Suramérica,Itagüí,2022-08-28,3.0,6.159801,-75.62343,1.0,365000000.0,Images/234321.jpeg,https://www.redinmobiliariamls.com/itagi/suramerica/1/234321
355000.0,102.0,2.0,Castropol,Medellín,2022-08-28,3.0,6.220321,-75.567265,2.0,610000000.0,Images/234328.jpeg,https://www.redinmobiliariamls.com/medellin/castropol/1/234328
293500.0,92.0,2.0,La América,Medellín,2022-08-28,3.0,6.252989,-75.599098,0.0,355000000.0,Images/234331.jpeg,https://www.redinmobiliariamls.com/medellin/la-america/1/234331
145000.0,67.29,2.0,Navarra,Bello,2022-08-28,3.0,6.345399,-75.533521,1.0,250000000.0,Images/234334.jpeg,https://www.redinmobiliariamls.com/bello/navarra/1/234334
149000.0,75.42,2.0,Navarra,Bello,2022-08-28,3.0,6.345399,-75.533521,1.0,270000000.0,Images/234335.jpeg,https://www.redinmobiliariamls.com/bello/navarra/1/234335
165000.0,61.98,2.0,Santa Ana,Bello,2022-08-28,3.0,6.325173,-75.56405,1.0,280000000.0,Images/234336.jpeg,https://www.redinmobiliariamls.com/bello/santa-ana/1/234336
,113.12,2.0,Loma Televida,Medellín,2022-08-28,3.0,6.219183,-75.567652,2.0,510000000.0,Images/234337.jpeg,https://www.redinmobiliariamls.com/medellin/loma-televida/1/234337
220000.0,93.0,2.0,Florida Nueva,Medellín,2022-08-28,3.0,6.256602,-75.575637,1.0,550000000.0,Images/234344.jpeg,https://www.redinmobiliariamls.com/medellin/florida-nueva/1/234344
,134.0,2.0,V. La Fe,El Retiro,2022-08-28,3.0,6.060023,-75.502841,1.0,615000000.0,Images/234349.jpeg,https://www.redinmobiliariamls.com/el-retiro/v-la-fe/1/234349
484055.0,137.0,2.0,Loma Los Gonzalez,Medellín,2022-08-28,3.0,6.192981,-75.561399,2.0,720000000.0,Images/234350.jpeg,https://www.redinmobiliariamls.com/medellin/loma-los-gonzalez/1/234350
258000.0,72.2,2.0,La Pilarica,Medellín,2022-08-28,2.0,6.256602,-75.575637,1.0,385000000.0,Images/234351.jpeg,https://www.redinmobiliariamls.com/medellin/la-pilarica/1/234351
946000.0,250.0,3.0,El Campestre,Medellín,2022-08-28,4.0,6.256602,-75.575637,2.0,1189000000.0,Images/234352.jpeg,https://www.redinmobiliariamls.com/medellin/el-campestre/1/234352
693000.0,154.0,2.0,El Poblado,Medellín,2022-08-28,3.0,6.200018,-75.574989,3.0,750000000.0,Images/234359.jpeg,https://www.redinmobiliariamls.com/medellin/el-poblado/1/234359
722000.0,208.43,3.0,La Frontera,Envigado,2022-08-28,3.0,6.256602,-75.575637,1.0,800000000.0,Images/234360.jpeg,https://www.redinmobiliariamls.com/envigado/la-frontera/1/234360
,117.0,2.0,Aves Marías,Sabaneta,2022-08-28,3.0,6.256602,-75.575637,1.0,520000000.0,Images/234363.jpeg,https://www.redinmobiliariamls.com/sabaneta/aves-marias/1/234363
50000.0,53.0,2.0,Tranvía,Rionegro,2022-08-28,3.0,6.15676,-75.365022,1.0,210000000.0,Images/234364.jpeg,https://www.redinmobiliariamls.com/rionegro/tranvia/1/234364
110000.0,51.0,2.0,María Auxiliadora,Sabaneta,2022-08-28,3.0,6.256602,-75.575637,0.0,155000000.0,Images/234365.jpeg,https://www.redinmobiliariamls.com/sabaneta/maria-auxiliadora/1/234365
617600.0,250.0,3.0,Aves Marías,Sabaneta,2022-08-28,3.0,6.149616,-75.614866,2.0,650000000.0,Images/234366.jpeg,https://www.redinmobiliariamls.com/sabaneta/aves-marias/1/234366
295000.0,77.29,2.0,Loma de Los Bernal,Medellín,2022-08-28,3.0,6.21709,-75.60199,1.0,425000000.0,Images/234367.jpeg,https://www.redinmobiliariamls.com/medellin/loma-de-los-bernal/1/234367
760000.0,144.0,3.0,Laureles,Medellín,2022-08-28,3.0,6.240336,-75.592654,2.0,750000000.0,Images/234371.jpeg,https://www.redinmobiliariamls.com/medellin/laureles/1/234371
393000.0,153.0,2.0,Loma del Indio,Medellín,2022-08-28,3.0,6.256602,-75.575637,1.0,599000000.0,Images/234372.jpeg,https://www.redinmobiliariamls.com/medellin/loma-del-indio/1/234372
173000.0,53.11,1.0,Boston,Medellín,2022-08-28,3.0,6.249581,-75.55927,0.0,190000000.0,Images/234373.jpeg,https://www.redinmobiliariamls.com/medellin/boston/1/234373
604000.0,120.0,2.0,Bolivariana,Medellín,2022-08-28,3.0,6.256602,-75.575637,2.0,510000000.0,Images/234376.jpeg,https://www.redinmobiliariamls.com/medellin/bolivariana/1/234376
,60.04,2.0,V. Las Lomitas,Sabaneta,2022-08-09,2.0,6.15052,-75.608949,1.0,240000000.0,Images/234377.jpeg,https://www.redinmobiliariamls.com/sabaneta/v-las-lomitas/1/234377
572400.0,125.0,2.0,La Concha,Medellín,2022-08-28,3.0,6.208703,-75.557868,1.0,500000000.0,Images/234379.jpeg,https://www.redinmobiliariamls.com/medellin/la-concha/1/234379
432000.0,81.0,2.0,La Salle,Envigado,2022-08-28,3.0,6.179036,-75.578958,1.0,325000000.0,Images/234383.jpeg,https://www.redinmobiliariamls.com/envigado/la-salle/1/234383
369000.0,91.2,2.0,Zuñiga,Envigado,2022-08-28,3.0,6.185635,-75.581584,1.0,520000000.0,Images/234384.jpeg,https://www.redinmobiliariamls.com/envigado/zuniga/1/234384
,49.0,2.0,V. Primavera,Caldas,2022-08-28,2.0,6.256602,-75.575637,1.0,175000000.0,Images/234389.jpeg,https://www.redinmobiliariamls.com/caldas/v-primavera/1/234389
,49.0,2.0,V. Primavera,Caldas,2022-08-28,2.0,6.092387,-75.637595,1.0,185000000.0,Images/234391.jpeg,https://www.redinmobiliariamls.com/caldas/v-primavera/1/234391
310000.0,99.0,2.0,Centro,Sabaneta,2022-08-28,3.0,6.256602,-75.575637,1.0,400000000.0,Images/234402.jpeg,https://www.redinmobiliariamls.com/sabaneta/centro/1/234402
35000.0,41.0,1.0,Robledo,Medellín,2022-08-28,3.0,6.287702,-75.598572,0.0,110000000.0,Images/234419.jpeg,https://www.redinmobiliariamls.com/medellin/robledo/1/234419
500000.0,157.0,3.0,V. Las Lomitas,Sabaneta,2022-08-28,3.0,6.143894,-75.606287,2.0,847610000.0,Images/234421.jpeg,https://www.redinmobiliariamls.com/sabaneta/v-las-lomitas/1/234421
160000.0,62.0,2.0,San Antonio de Pereira,Rionegro,2022-08-28,1.0,6.126004,-75.385029,1.0,350000000.0,Images/234423.jpeg,https://www.redinmobiliariamls.com/rionegro/san-antonio-de-pereira/1/234423
449000.0,106.0,2.0,Los Colores,Medellín,2022-08-28,3.0,6.263411,-75.589436,2.0,630000000.0,Images/234424.jpeg,https://www.redinmobiliariamls.com/medellin/los-colores/1/234424
200000.0,48.0,1.0,V. Las Lomitas,Sabaneta,2022-08-28,1.0,6.15052,-75.608949,1.0,282436800.0,Images/234427.jpeg,https://www.redinmobiliariamls.com/sabaneta/v-las-lomitas/1/234427
322000.0,109.0,2.0,Conquistadores,Medellín,2022-08-28,3.0,6.243279,-75.583592,1.0,520000000.0,Images/234429.jpeg,https://www.redinmobiliariamls.com/medellin/conquistadores/1/234429
,93.0,2.0,Camino Verde,Envigado,2022-08-09,2.0,6.14763,-75.57453,2.0,550000000.0,Images/234432.jpeg,https://www.redinmobiliariamls.com/envigado/camino-verde/1/234432
226000.0,139.65,2.0,Estadio,Medellín,2022-08-28,3.0,6.250644,-75.588569,0.0,480000000.0,Images/234440.jpeg,https://www.redinmobiliariamls.com/medellin/estadio/1/234440
255500.0,72.21,2.0,Señorial,Envigado,2022-08-28,3.0,6.161785,-75.597125,1.0,320000000.0,Images/234445.jpeg,https://www.redinmobiliariamls.com/envigado/senorial/1/234445
115000.0,39.26,2.0,Buenos Aires,Medellín,2022-08-28,3.0,6.229939,-75.537099,0.0,147000000.0,Images/234456.jpeg,https://www.redinmobiliariamls.com/medellin/buenos-aires/1/234456
530000.0,147.0,2.0,Castropol,Medellín,2022-08-28,3.0,6.215285,-75.567111,2.0,570000000.0,Images/234457.jpeg,https://www.redinmobiliariamls.com/medellin/castropol/1/234457
737000.0,172.0,3.0,Patio Bonito,Medellín,2022-08-28,3.0,6.205493,-75.571174,2.0,700000000.0,Images/234459.jpeg,https://www.redinmobiliariamls.com/medellin/patio-bonito/1/234459
120000.0,53.6,2.0,Belén Rodeo Alto,Medellín,2022-08-28,3.0,6.202636,-75.602281,0.0,198000000.0,Images/234460.jpeg,https://www.redinmobiliariamls.com/medellin/belen-rodeo-alto/1/234460
90920.0,38.0,1.0,Urbano,San Antonio de Prado,2022-08-09,2.0,6.256602,-75.575637,0.0,125000000.0,Images/234462.jpeg,https://www.redinmobiliariamls.com/san-antonio-de-prado/urbano/1/234462
120000.0,57.58,2.0,La Misericordia,Copacabana,2022-08-09,2.0,6.339195,-75.518081,0.0,155000000.0,Images/234463.jpeg,https://www.redinmobiliariamls.com/copacabana/la-misericordia/1/234463
320000.0,85.0,2.0,Ciudad del Rio,Medellín,2022-08-09,2.0,6.220245,-75.574836,1.0,635000000.0,Images/234465.jpeg,https://www.redinmobiliariamls.com/medellin/ciudad-del-rio/1/234465
195000.0,70.0,2.0,Viviendas del Sur,Itagüí,2022-08-28,3.0,6.187787,-75.604283,1.0,320000000.0,Images/234469.jpeg,https://www.redinmobiliariamls.com/itagi/viviendas-del-sur/1/234469
275000.0,84.0,2.0,El Carmelo,Sabaneta,2022-08-28,2.0,6.14839,-75.609988,1.0,555000000.0,Images/234470.jpeg,https://www.redinmobiliariamls.com/sabaneta/el-carmelo/1/234470
,111.0,2.0,Lalinde,Medellín,2022-08-28,2.0,6.213055,-75.568893,2.0,970000000.0,Images/234471.jpeg,https://www.redinmobiliariamls.com/medellin/lalinde/1/234471
141500.0,52.0,2.0,Monte Alto,San Antonio de Prado,2022-08-28,2.0,6.256602,-75.575637,0.0,210000000.0,Images/234476.jpeg,https://www.redinmobiliariamls.com/san-antonio-de-prado/monte-alto/1/234476
141500.0,52.0,2.0,Monte Alto,San Antonio de Prado,2022-08-28,2.0,6.256602,-75.575637,0.0,210000000.0,Images/234478.jpeg,https://www.redinmobiliariamls.com/san-antonio-de-prado/monte-alto/1/234478
160000.0,49.0,2.0,V. Primavera,Caldas,2022-08-09,3.0,6.092387,-75.637595,0.0,155000000.0,Images/234479.jpeg,https://www.redinmobiliariamls.com/caldas/v-primavera/1/234479
160000.0,49.0,2.0,V. Primavera,Caldas,2022-08-09,3.0,6.092387,-75.637595,0.0,155000000.0,Images/234480.jpeg,https://www.redinmobiliariamls.com/caldas/v-primavera/1/234480
188000.0,60.0,2.0,La Pilarica,Medellín,2022-08-28,3.0,6.228409,-75.595474,1.0,295000000.0,Images/234486.jpeg,https://www.redinmobiliariamls.com/medellin/la-pilarica/1/234486
1322000.0,330.0,3.0,Los Balsos Nº 1,Medellín,2022-08-28,3.0,6.256602,-75.575637,4.0,2298000000.0,Images/234487.jpeg,https://www.redinmobiliariamls.com/medellin/los-balsos-n-1/1/234487
420000.0,108.0,2.0,Loma del Encierro,Medellín,2022-08-28,2.0,6.223385,-75.56604,1.0,630000000.0,Images/234489.jpeg,https://www.redinmobiliariamls.com/medellin/loma-del-encierro/1/234489
,84.79,2.0,Malta,Itagüí,2022-08-28,3.0,6.169578,-75.622187,0.0,270000000.0,Images/234491.jpeg,https://www.redinmobiliariamls.com/itagi/malta/1/234491
130000.0,57.0,2.0,Urbano,San Antonio de Prado,2022-08-28,3.0,6.256602,-75.575637,0.0,180000000.0,Images/234494.jpeg,https://www.redinmobiliariamls.com/san-antonio-de-prado/urbano/1/234494
,76.0,2.0,María Auxiliadora,Sabaneta,2022-08-28,3.0,6.150754,-75.599972,0.0,230000000.0,Images/234498.jpeg,https://www.redinmobiliariamls.com/sabaneta/maria-auxiliadora/1/234498
195000.0,72.0,2.0,Las Flores,Envigado,2022-08-28,2.0,6.174335,-75.579676,1.0,255000000.0,Images/234500.jpeg,https://www.redinmobiliariamls.com/envigado/las-flores/1/234500
180000.0,61.65,2.0,San José Obrero,Bello,2022-08-28,3.0,6.325745,-75.559738,1.0,340000000.0,Images/234501.jpeg,https://www.redinmobiliariamls.com/bello/san-jose-obrero/1/234501
820000.0,177.0,3.0,La Concha,Medellín,2022-08-28,4.0,6.209397,-75.555713,2.0,750000000.0,Images/234502.jpeg,https://www.redinmobiliariamls.com/medellin/la-concha/1/234502
469900.0,121.0,3.0,Loma de los Mesa,Envigado,2022-08-28,3.0,6.169577,-75.569471,2.0,800000000.0,Images/234503.jpeg,https://www.redinmobiliariamls.com/envigado/loma-de-los-mesa/1/234503
980000.0,210.0,3.0,Oviedo,Medellín,2022-08-28,4.0,6.198286,-75.567531,3.0,850000000.0,Images/234505.jpeg,https://www.redinmobiliariamls.com/medellin/oviedo/1/234505
247000.0,72.25,2.0,Robledo,Medellín,2022-08-28,3.0,6.282772,-75.585297,1.0,220000000.0,Images/234508.jpeg,https://www.redinmobiliariamls.com/medellin/robledo/1/234508
130000.0,54.0,2.0,San Gabriel,Itagüí,2022-08-28,3.0,6.256602,-75.575637,0.0,180000000.0,Images/234510.jpeg,https://www.redinmobiliariamls.com/itagi/san-gabriel/1/234510
261300.0,69.53,2.0,Suramérica,Itagüí,2022-08-28,3.0,6.165694,-75.633315,1.0,322000000.0,Images/234511.jpeg,https://www.redinmobiliariamls.com/itagi/suramerica/1/234511
350000.0,80.0,2.0,Zuñiga,Envigado,2022-08-28,2.0,6.256602,-75.575637,2.0,460000000.0,Images/234514.jpeg,https://www.redinmobiliariamls.com/envigado/zuniga/1/234514
,240.0,3.0,Alejandría,Medellín,2022-08-28,3.0,6.200051,-75.57171,3.0,1250000000.0,Images/234522.jpeg,https://www.redinmobiliariamls.com/medellin/alejandria/1/234522
298200.0,98.0,2.0,Suramérica,Itagüí,2022-08-28,3.0,6.164528,-75.632312,2.0,515000000.0,Images/234526.jpeg,https://www.redinmobiliariamls.com/itagi/suramerica/1/234526
450000.0,150.0,2.0,Loma de Las Brujas,Envigado,2022-08-28,2.0,6.162602,-75.576718,1.0,689000000.0,Images/234527.jpeg,https://www.redinmobiliariamls.com/envigado/loma-de-las-brujas/1/234527
,113.68,2.0,Lalinde,Medellín,2022-08-09,2.0,6.256602,-75.575637,2.0,950000000.0,Images/234529.jpeg,https://www.redinmobiliariamls.com/medellin/lalinde/1/234529
160000.0,57.0,2.0,V. Fontibon ,Rionegro,2022-08-28,3.0,6.164162,-75.373898,1.0,280000000.0,Images/234530.jpeg,https://www.redinmobiliariamls.com/rionegro/v-fontibon-/1/234530
397000.0,128.0,2.0,San Diego,Medellín,2022-08-28,4.0,6.232373,-75.568599,0.0,420000000.0,Images/234532.jpeg,https://www.redinmobiliariamls.com/medellin/san-diego/1/234532
40000.0,77.53,1.0,El Dorado,Envigado,2022-08-28,2.0,6.164756,-75.589639,1.0,310000000.0,Images/234539.jpeg,https://www.redinmobiliariamls.com/envigado/el-dorado/1/234539
1400000.0,285.65,4.0,San Lucas,Medellín,2022-08-28,3.0,6.256602,-75.575637,3.0,1500000000.0,Images/234541.jpeg,https://www.redinmobiliariamls.com/medellin/san-lucas/1/234541
788000.0,198.0,3.0,Alejandría,Medellín,2022-08-28,3.0,6.256602,-75.575637,2.0,900000000.0,Images/234542.jpeg,https://www.redinmobiliariamls.com/medellin/alejandria/1/234542
351408.0,88.6,2.0,El Esmeraldal,Envigado,2022-08-28,2.0,6.17384,-75.569301,2.0,565000000.0,Images/234546.jpeg,https://www.redinmobiliariamls.com/envigado/el-esmeraldal/1/234546
250000.0,82.6,2.0,San José Obrero,Bello,2022-08-28,3.0,6.324805,-75.560463,1.0,345000000.0,Images/234548.jpeg,https://www.redinmobiliariamls.com/bello/san-jose-obrero/1/234548
345000.0,85.4,2.0,El Esmeraldal,Envigado,2022-08-09,2.0,6.172174,-75.568323,2.0,515000000.0,Images/234553.jpeg,https://www.redinmobiliariamls.com/envigado/el-esmeraldal/1/234553
100000.0,38.0,1.0,Urbano,San Antonio de Prado,2022-08-09,2.0,6.256602,-75.575637,0.0,120000000.0,Images/234554.jpeg,https://www.redinmobiliariamls.com/san-antonio-de-prado/urbano/1/234554
,87.6,3.0,Las Palmas,Medellín,2022-08-28,3.0,6.224298,-75.561794,2.0,680476000.0,Images/234555.jpeg,https://www.redinmobiliariamls.com/medellin/las-palmas/1/234555
,90.8,3.0,Las Palmas,Medellín,2022-08-28,3.0,6.224298,-75.561794,2.0,726254000.0,Images/234556.jpeg,https://www.redinmobiliariamls.com/medellin/las-palmas/1/234556
,144.0,2.0,La Floresta,Medellín,2022-08-28,3.0,6.258017,-75.597676,1.0,410000000.0,Images/234557.jpeg,https://www.redinmobiliariamls.com/medellin/la-floresta/1/234557
310000.0,82.0,2.0,La Pilarica,Medellín,2022-08-09,2.0,6.273961,-75.585548,1.0,380000000.0,Images/234560.jpeg,https://www.redinmobiliariamls.com/medellin/la-pilarica/1/234560
891000.0,164.0,3.0,Las Lomas Nº 1,Medellín,2022-08-28,3.0,6.256602,-75.575637,3.0,1015000000.0,Images/234562.jpeg,https://www.redinmobiliariamls.com/medellin/las-lomas-n-1/1/234562
1050000.0,223.0,5.0,Las Lomas Nº 1,Medellín,2022-08-28,4.0,6.211955,-75.560022,3.0,950000000.0,Images/234569.jpeg,https://www.redinmobiliariamls.com/medellin/las-lomas-n-1/1/234569
250000.0,69.0,2.0,La Aldea,La Estrella,2022-08-09,3.0,6.152531,-75.645107,1.0,315000000.0,Images/234575.jpeg,https://www.redinmobiliariamls.com/la-estrella/la-aldea/1/234575
950000.0,329.4,3.0,Los Balsos Nº 1,Medellín,2022-08-28,3.0,6.191519,-75.566117,3.0,1350000000.0,Images/234582.jpeg,https://www.redinmobiliariamls.com/medellin/los-balsos-n-1/1/234582
550000.0,162.0,2.0,Los Balsos Nº 1,Medellín,2022-08-28,4.0,6.18667,-75.566128,2.0,625000000.0,Images/234583.jpeg,https://www.redinmobiliariamls.com/medellin/los-balsos-n-1/1/234583
,103.0,3.0,V. Las Palmas,El Retiro,2022-08-28,2.0,6.060023,-75.502841,2.0,695000000.0,Images/234584.jpeg,https://www.redinmobiliariamls.com/el-retiro/v-las-palmas/1/234584
,74.8,2.0,Loma de Las Brujas,Envigado,2022-08-28,2.0,6.166681,-75.582917,2.0,508550163.0,Images/234585.jpeg,https://www.redinmobiliariamls.com/envigado/loma-de-las-brujas/1/234585
327127.0,84.0,2.0,San Antonio de Pereira,Rionegro,2022-08-28,3.0,6.179768,-75.4729,1.0,405000000.0,Images/234586.jpeg,https://www.redinmobiliariamls.com/rionegro/san-antonio-de-pereira/1/234586
,74.8,2.0,Loma de Las Brujas,Envigado,2022-08-28,2.0,6.166681,-75.582917,2.0,508550163.0,Images/234588.jpeg,https://www.redinmobiliariamls.com/envigado/loma-de-las-brujas/1/234588
295000.0,88.36,2.0,Bosques de Zuñiga,Envigado,2022-08-28,2.0,6.18206,-75.576122,2.0,480000000.0,Images/234589.jpeg,https://www.redinmobiliariamls.com/envigado/bosques-de-zuniga/1/234589
500000.0,125.0,2.0,Loma de los Parra,Medellín,2022-08-09,2.0,6.256602,-75.575637,1.0,1120000000.0,Images/234592.jpeg,https://www.redinmobiliariamls.com/medellin/loma-de-los-parra/1/234592
600000.0,114.0,3.0,Sector Fizebad,El Retiro,2022-08-28,3.0,6.256602,-75.575637,3.0,790000000.0,Images/234593.jpeg,https://www.redinmobiliariamls.com/el-retiro/sector-fizebad/1/234593
,98.0,2.0,Centro,Sabaneta,2022-08-28,3.0,6.256602,-75.575637,0.0,290000000.0,Images/234594.jpeg,https://www.redinmobiliariamls.com/sabaneta/centro/1/234594
250000.0,58.0,2.0,San Antonio de Pereira,Rionegro,2022-08-28,2.0,6.256602,-75.575637,1.0,375000000.0,Images/234595.jpeg,https://www.redinmobiliariamls.com/rionegro/san-antonio-de-pereira/1/234595
194050.0,64.08,2.0,La Tablaza,La Estrella,2022-08-28,3.0,6.256602,-75.575637,1.0,235000000.0,Images/234596.jpeg,https://www.redinmobiliariamls.com/la-estrella/la-tablaza/1/234596
361000.0,89.0,2.0,El Esmeraldal,Envigado,2022-08-28,2.0,6.256602,-75.575637,2.0,595000000.0,Images/234599.jpeg,https://www.redinmobiliariamls.com/envigado/el-esmeraldal/1/234599
,76.85,2.0,V. La María,El Retiro,2022-08-28,2.0,6.07868,-75.499849,1.0,580000000.0,Images/234600.jpeg,https://www.redinmobiliariamls.com/el-retiro/v-la-maria/1/234600
428000.0,228.8,3.0,Centro,Medellín,2022-08-09,3.0,6.249907,-75.563382,1.0,450000000.0,Images/234603.jpeg,https://www.redinmobiliariamls.com/medellin/centro/1/234603
264000.0,72.0,2.0,Suramérica,Itagüí,2022-08-28,3.0,6.1642,-75.637398,1.0,360000000.0,Images/234604.jpeg,https://www.redinmobiliariamls.com/itagi/suramerica/1/234604
264000.0,72.0,2.0,Suramérica,Itagüí,2022-08-28,3.0,6.1642,-75.637398,1.0,360000000.0,Images/234605.jpeg,https://www.redinmobiliariamls.com/itagi/suramerica/1/234605
,74.8,2.0,Loma de Las Brujas,Envigado,2022-08-09,2.0,6.166681,-75.582917,2.0,476550163.0,Images/234608.jpeg,https://www.redinmobiliariamls.com/envigado/loma-de-las-brujas/1/234608
213818.0,61.73,2.0,Engativa,Bogotá,2022-08-28,3.0,4.678786,-74.097976,1.0,260000000.0,Images/234609.jpeg,https://www.redinmobiliariamls.com/bogota/engativa/1/234609
516000.0,118.5,2.0,El Tesoro,Medellín,2022-08-09,2.0,6.191882,-75.559308,2.0,760000000.0,Images/234610.jpeg,https://www.redinmobiliariamls.com/medellin/el-tesoro/1/234610
560000.0,85.28,2.0,V. Pantanillo (envigado),Envigado,2022-08-28,2.0,6.156342,-75.531177,2.0,760000000.0,Images/234611.jpeg,https://www.redinmobiliariamls.com/envigado/v-pantanillo-envigado/1/234611
170000.0,36.41,1.0,Bomboná Nº 1,Medellín,2022-08-28,1.0,6.242664,-75.562123,0.0,163845000.0,Images/234612.jpeg,https://www.redinmobiliariamls.com/medellin/bombona-n-1/1/234612
222000.0,64.0,2.0,Camino Verde,Envigado,2022-08-09,3.0,6.156756,-75.579346,1.0,325000000.0,Images/234614.jpeg,https://www.redinmobiliariamls.com/envigado/camino-verde/1/234614
104000.0,40.0,1.0,Urbano,San Antonio de Prado,2022-08-28,2.0,6.256602,-75.575637,0.0,128000000.0,Images/234618.jpeg,https://www.redinmobiliariamls.com/san-antonio-de-prado/urbano/1/234618
,55.0,2.0,Calasanz,Medellín,2022-08-28,3.0,6.270287,-75.609078,1.0,280000000.0,Images/234619.jpeg,https://www.redinmobiliariamls.com/medellin/calasanz/1/234619
450000.0,85.99,2.0,Lalinde,Medellín,2022-08-28,2.0,6.212358,-75.568779,2.0,705000000.0,Images/234620.jpeg,https://www.redinmobiliariamls.com/medellin/lalinde/1/234620
680000.0,196.0,3.0,Las Palmas,Medellín,2022-08-28,3.0,6.218065,-75.56163,2.0,680000000.0,Images/234621.jpeg,https://www.redinmobiliariamls.com/medellin/las-palmas/1/234621
128000.0,50.9,2.0,V. Maria Auxiliadora,Sabaneta,2022-08-28,3.0,6.151888,-75.600056,0.0,195000000.0,Images/234627.jpeg,https://www.redinmobiliariamls.com/sabaneta/v-maria-auxiliadora/1/234627
150000.0,58.0,2.0,Andalucía,Caldas,2022-08-28,3.0,6.256602,-75.575637,1.0,230000000.0,Images/234628.jpeg,https://www.redinmobiliariamls.com/caldas/andalucia/1/234628
50000.0,89.0,2.0,La América,Medellín,2022-08-09,3.0,4.570868,-74.297333,0.0,250000000.0,Images/234629.jpeg,https://www.redinmobiliariamls.com/medellin/la-america/1/234629
700000.0,194.0,3.0,El Tesoro,Medellín,2022-08-28,3.0,6.191698,-75.554289,2.0,1180000000.0,Images/234630.jpeg,https://www.redinmobiliariamls.com/medellin/el-tesoro/1/234630
1070000.0,330.0,3.0,Castropol,Medellín,2022-08-28,3.0,6.256602,-75.575637,3.0,1200000000.0,Images/234632.jpeg,https://www.redinmobiliariamls.com/medellin/castropol/1/234632
1167404.0,198.9,3.0,El Campestre,Medellín,2022-08-28,3.0,6.185735,-75.567851,3.0,1300000000.0,Images/234635.jpeg,https://www.redinmobiliariamls.com/medellin/el-campestre/1/234635
,53.45,2.0,V. Fontibon ,Rionegro,2022-08-28,3.0,6.170183,-75.430669,1.0,318000000.0,Images/234637.jpeg,https://www.redinmobiliariamls.com/rionegro/v-fontibon-/1/234637
660000.0,172.0,2.0,Los Balsos Nº 2,Medellín,2022-08-28,3.0,6.256602,-75.575637,2.0,750000000.0,Images/234639.jpeg,https://www.redinmobiliariamls.com/medellin/los-balsos-n-2/1/234639
217000.0,135.0,3.0,San Benito,Medellín,2022-08-28,4.0,6.27533,-75.567072,0.0,340000000.0,Images/234640.jpeg,https://www.redinmobiliariamls.com/medellin/san-benito/1/234640
,35.06,1.0,Buenos Aires,Medellín,2022-08-28,1.0,6.232022,-75.542875,0.0,120000000.0,Images/234643.jpeg,https://www.redinmobiliariamls.com/medellin/buenos-aires/1/234643
300000.0,75.0,2.0,Suramericana,Medellín,2022-08-28,3.0,6.255209,-75.580053,1.0,484807517.0,Images/234648.jpeg,https://www.redinmobiliariamls.com/medellin/suramericana/1/234648
450000.0,133.0,3.0,Loma de Las Brujas,Envigado,2022-08-28,3.0,6.16003,-75.571657,2.0,850000000.0,Images/234650.jpeg,https://www.redinmobiliariamls.com/envigado/loma-de-las-brujas/1/234650
245000.0,51.6,1.0,Ciudad del Rio,Medellín,2022-08-28,1.0,6.223938,-75.57339,1.0,410000000.0,Images/234651.jpeg,https://www.redinmobiliariamls.com/medellin/ciudad-del-rio/1/234651
190000.0,58.0,2.0,Centro,Sabaneta,2022-08-28,3.0,6.149577,-75.614855,0.0,242000000.0,Images/234652.jpeg,https://www.redinmobiliariamls.com/sabaneta/centro/1/234652
295400.0,78.5,2.0,Loma de Los Bernal,Medellín,2022-08-28,3.0,6.216992,-75.6037,1.0,405000000.0,Images/234656.jpeg,https://www.redinmobiliariamls.com/medellin/loma-de-los-bernal/1/234656
159000.0,52.52,2.0,La Pilarica,Medellín,2022-08-28,2.0,6.256602,-75.575637,1.0,235000000.0,Images/234660.jpeg,https://www.redinmobiliariamls.com/medellin/la-pilarica/1/234660
528400.0,127.43,3.0,La Salle,Envigado,2022-08-28,3.0,6.181323,-75.579049,2.0,630000000.0,Images/234664.jpeg,https://www.redinmobiliariamls.com/envigado/la-salle/1/234664
,83.1,2.0,Sector Los Colegios,Rionegro,2022-08-28,3.0,6.356056,-75.486684,1.0,510000000.0,Images/234666.jpeg,https://www.redinmobiliariamls.com/rionegro/sector-los-colegios/1/234666
,89.4,2.0,Sector Los Colegios,Rionegro,2022-08-28,3.0,6.385253,-75.415216,1.0,520000000.0,Images/234667.jpeg,https://www.redinmobiliariamls.com/rionegro/sector-los-colegios/1/234667
521401.0,117.5,3.0,Bosques de Zuñiga,Envigado,2022-08-28,3.0,6.256602,-75.575637,2.0,750000000.0,Images/234669.jpeg,https://www.redinmobiliariamls.com/envigado/bosques-de-zuniga/1/234669
,56.6,2.0,V. Fontibon ,Rionegro,2022-08-28,2.0,6.396421,-75.451553,1.0,275000000.0,Images/234677.jpeg,https://www.redinmobiliariamls.com/rionegro/v-fontibon-/1/234677
370000.0,106.0,2.0,Ciudad del Rio,Medellín,2022-08-28,3.0,6.220635,-75.574213,2.0,715000000.0,Images/234681.jpeg,https://www.redinmobiliariamls.com/medellin/ciudad-del-rio/1/234681
150000.0,112.0,2.0,Laureles,Medellín,2022-08-28,3.0,6.247216,-75.597352,1.0,470000000.0,Images/234684.jpeg,https://www.redinmobiliariamls.com/medellin/laureles/1/234684
700000.0,202.0,3.0,El Campestre,Medellín,2022-08-28,3.0,6.256602,-75.575637,2.0,1950000000.0,Images/234685.jpeg,https://www.redinmobiliariamls.com/medellin/el-campestre/1/234685
350000.0,86.32,2.0,Castropol,Medellín,2022-08-28,3.0,6.223229,-75.574717,1.0,660000000.0,Images/234686.jpeg,https://www.redinmobiliariamls.com/medellin/castropol/1/234686
,134.89,3.0,La Floresta,Medellín,2022-08-28,5.0,6.254252,-75.599437,0.0,440000000.0,Images/234691.jpeg,https://www.redinmobiliariamls.com/medellin/la-floresta/1/234691
,130.0,3.0,Los Naranjos,Itagüí,2022-08-28,3.0,6.256602,-75.575637,0.0,340000000.0,Images/234692.jpeg,https://www.redinmobiliariamls.com/itagi/los-naranjos/1/234692
,83.83,2.0,Loma de Cumbres,Envigado,2022-08-28,2.0,6.256602,-75.575637,2.0,580000000.0,Images/234695.jpeg,https://www.redinmobiliariamls.com/envigado/loma-de-cumbres/1/234695
,83.59,2.0,Loma de Cumbres,Envigado,2022-08-28,2.0,6.256602,-75.575637,2.0,600000000.0,Images/234696.jpeg,https://www.redinmobiliariamls.com/envigado/loma-de-cumbres/1/234696
,76.0,2.0,Las Palmas,Medellín,2022-08-28,2.0,6.213221,-75.54615,1.0,520000000.0,Images/234699.jpeg,https://www.redinmobiliariamls.com/medellin/las-palmas/1/234699
359000.0,90.8,2.0,El Esmeraldal,Envigado,2022-08-28,3.0,6.17384,-75.569301,2.0,600000000.0,Images/234700.jpeg,https://www.redinmobiliariamls.com/envigado/el-esmeraldal/1/234700
,57.97,2.0,Niquia,Bello,2022-08-28,2.0,6.343609,-75.550999,1.0,300000000.0,Images/234702.jpeg,https://www.redinmobiliariamls.com/bello/niquia/1/234702
130000.0,51.91,2.0,Robledo,Medellín,2022-08-28,3.0,6.256602,-75.575637,1.0,210000000.0,Images/234705.jpeg,https://www.redinmobiliariamls.com/medellin/robledo/1/234705
300000.0,85.5,2.0,Las Flores,Envigado,2022-08-28,3.0,6.156069,-75.599848,1.0,390000000.0,Images/234709.jpeg,https://www.redinmobiliariamls.com/envigado/las-flores/1/234709
780000.0,200.0,3.0,El Poblado,Medellín,2022-08-09,4.0,6.19494,-75.569687,3.0,905000000.0,Images/234710.jpeg,https://www.redinmobiliariamls.com/medellin/el-poblado/1/234710
330000.0,85.0,2.0,San Diego,Medellín,2022-08-28,1.0,6.23324,-75.628923,0.0,395000000.0,Images/234711.jpeg,https://www.redinmobiliariamls.com/medellin/san-diego/1/234711
176000.0,64.2,2.0,Colinas del Sur,Itagüí,2022-08-28,3.0,6.193085,-75.599927,1.0,250000000.0,Images/234712.jpeg,https://www.redinmobiliariamls.com/itagi/colinas-del-sur/1/234712
,104.0,2.0,El Velódromo,Medellín,2022-08-28,3.0,6.252667,-75.593468,1.0,600000000.0,Images/234716.jpeg,https://www.redinmobiliariamls.com/medellin/el-velodromo/1/234716
360000.0,93.0,2.0,Loma de San Jose,Sabaneta,2022-08-28,3.0,6.256602,-75.575637,2.0,580000000.0,Images/234717.jpeg,https://www.redinmobiliariamls.com/sabaneta/loma-de-san-jose/1/234717
,104.0,2.0,El Velódromo,Medellín,2022-08-28,3.0,6.252667,-75.593468,1.0,600000000.0,Images/234718.jpeg,https://www.redinmobiliariamls.com/medellin/el-velodromo/1/234718
,160.0,2.0,El Velódromo,Medellín,2022-08-28,3.0,6.252667,-75.593468,1.0,912000000.0,Images/234719.jpeg,https://www.redinmobiliariamls.com/medellin/el-velodromo/1/234719
,77.22,2.0,Calle del Banco,Sabaneta,2022-08-28,3.0,6.154219,-75.615588,0.0,320000000.0,Images/234722.jpeg,https://www.redinmobiliariamls.com/sabaneta/calle-del-banco/1/234722
,89.0,1.0,El Mirador,Bello,2022-08-28,4.0,6.349485,-75.556549,0.0,208000000.0,Images/234723.jpeg,https://www.redinmobiliariamls.com/bello/el-mirador/1/234723
,95.7,2.0,Otraparte,Envigado,2022-08-28,2.0,6.256602,-75.575637,1.0,700000000.0,Images/234724.jpeg,https://www.redinmobiliariamls.com/envigado/otraparte/1/234724
150000.0,45.21,2.0,Amazonía,Bello,2022-08-28,1.0,6.320374,-75.56743,1.0,235000000.0,Images/234725.jpeg,https://www.redinmobiliariamls.com/bello/amazonia/1/234725
450000.0,95.0,2.0,Loma de Cumbres,Envigado,2022-08-28,2.0,6.256602,-75.575637,2.0,690000000.0,Images/234727.jpeg,https://www.redinmobiliariamls.com/envigado/loma-de-cumbres/1/234727
370000.0,88.0,2.0,Loma de Cumbres,Envigado,2022-08-28,3.0,6.171557,-75.571772,1.0,485000000.0,Images/234731.jpeg,https://www.redinmobiliariamls.com/envigado/loma-de-cumbres/1/234731
,54.0,2.0,Urbano,Sabaneta,2022-08-28,2.0,6.256602,-75.575637,0.0,150000000.0,Images/234732.jpeg,https://www.redinmobiliariamls.com/sabaneta/urbano/1/234732
,205.0,5.0,Santa Maria de los Angeles,Medellín,2022-08-28,3.0,6.256602,-75.575637,2.0,1550000000.0,Images/234735.jpeg,https://www.redinmobiliariamls.com/medellin/santa-maria-de-los-angeles/1/234735
120000.0,55.0,2.0,V. Fontibon ,Rionegro,2022-08-28,2.0,6.153078,-75.372154,0.0,187000000.0,Images/234738.jpeg,https://www.redinmobiliariamls.com/rionegro/v-fontibon-/1/234738
284000.0,97.0,2.0,Sector Los Colegios,Rionegro,2022-08-28,3.0,6.152075,-75.368013,1.0,450000000.0,Images/234739.jpeg,https://www.redinmobiliariamls.com/rionegro/sector-los-colegios/1/234739
137000.0,69.48,2.0,Naranjal,Medellín,2022-08-28,2.0,6.250837,-75.583038,1.0,380000000.0,Images/234740.jpeg,https://www.redinmobiliariamls.com/medellin/naranjal/1/234740
303252.0,79.0,2.0,Sector El Llanito,Rionegro,2022-08-28,3.0,6.256602,-75.575637,2.0,500000000.0,Images/234744.jpeg,https://www.redinmobiliariamls.com/rionegro/sector-el-llanito/1/234744
,113.92,2.0,La América,Medellín,2022-08-28,3.0,6.251858,-75.605091,0.0,360000000.0,Images/234747.jpeg,https://www.redinmobiliariamls.com/medellin/la-america/1/234747
686000.0,124.0,2.0,V. Vilachuaga,Rionegro,2022-08-28,2.0,6.131485,-75.407735,2.0,1250000000.0,Images/234749.jpeg,https://www.redinmobiliariamls.com/rionegro/v-vilachuaga/1/234749
247000.0,58.61,2.0,Los Alpes,Medellín,2022-08-28,3.0,6.256602,-75.575637,1.0,330000000.0,Images/234751.jpeg,https://www.redinmobiliariamls.com/medellin/los-alpes/1/234751
417900.0,40.0,1.0,San Lucas,Medellín,2022-08-09,1.0,6.256602,-75.575637,0.0,300000000.0,Images/234756.jpeg,https://www.redinmobiliariamls.com/medellin/san-lucas/1/234756
,172.84,4.0,Castropol,Medellín,2022-08-28,5.0,6.222737,-75.569007,2.0,525000000.0,Images/234757.jpeg,https://www.redinmobiliariamls.com/medellin/castropol/1/234757
200000.0,61.0,2.0,V. Las Lomitas,Sabaneta,2022-08-28,2.0,6.15052,-75.608949,1.0,312646000.0,Images/234759.jpeg,https://www.redinmobiliariamls.com/sabaneta/v-las-lomitas/1/234759
63000.0,35.7,2.0,La Mota,Medellín,2022-08-09,2.0,6.218773,-75.598461,0.0,180000000.0,Images/234760.jpeg,https://www.redinmobiliariamls.com/medellin/la-mota/1/234760
650000.0,141.0,3.0,Castropol,Medellín,2022-08-09,3.0,6.214394,-75.567433,2.0,1070000000.0,Images/234763.jpeg,https://www.redinmobiliariamls.com/medellin/castropol/1/234763
431000.0,115.0,3.0,Aves Marías,Sabaneta,2022-08-28,3.0,6.14727,-75.616184,2.0,585000000.0,Images/234765.jpeg,https://www.redinmobiliariamls.com/sabaneta/aves-marias/1/234765
509000.0,123.0,3.0,El Tesoro,Medellín,2022-08-28,3.0,6.256602,-75.575637,1.0,885000000.0,Images/234766.jpeg,https://www.redinmobiliariamls.com/medellin/el-tesoro/1/234766
381000.0,153.0,3.0,Loma de Las Brujas,Envigado,2022-08-28,3.0,6.15741,-75.57283,1.0,650000000.0,Images/234768.jpeg,https://www.redinmobiliariamls.com/envigado/loma-de-las-brujas/1/234768
934000.0,226.53,4.0,Laureles,Medellín,2022-08-28,4.0,6.243828,-75.593402,2.0,810000000.0,Images/234770.jpeg,https://www.redinmobiliariamls.com/medellin/laureles/1/234770
450000.0,145.0,2.0,Conquistadores,Medellín,2022-08-28,3.0,6.256602,-75.575637,2.0,825000000.0,Images/234771.jpeg,https://www.redinmobiliariamls.com/medellin/conquistadores/1/234771
1370000.0,250.0,4.0,El Campestre,Medellín,2022-08-28,3.0,6.185727,-75.568301,3.0,1100000000.0,Images/234773.jpeg,https://www.redinmobiliariamls.com/medellin/el-campestre/1/234773
100000.0,133.0,3.0,Barrio Mesa,Envigado,2022-08-28,4.0,6.16944,-75.584552,0.0,460000000.0,Images/234774.jpeg,https://www.redinmobiliariamls.com/envigado/barrio-mesa/1/234774
640000.0,140.0,3.0,La Florida,Medellín,2022-08-28,3.0,6.208238,-75.559375,2.0,900000000.0,Images/234775.jpeg,https://www.redinmobiliariamls.com/medellin/la-florida/1/234775
511500.0,147.16,2.0,El Poblado,Medellín,2022-08-28,3.0,6.256602,-75.575637,2.0,535000000.0,Images/234776.jpeg,https://www.redinmobiliariamls.com/medellin/el-poblado/1/234776
574000.0,172.0,2.0,El Tesoro,Medellín,2022-08-28,2.0,6.195184,-75.557953,2.0,1190000000.0,Images/234779.jpeg,https://www.redinmobiliariamls.com/medellin/el-tesoro/1/234779
,75.0,1.0,Villa Nueva,Medellín,2022-08-28,2.0,6.249422,-75.561713,0.0,155000000.0,Images/234783.jpeg,https://www.redinmobiliariamls.com/medellin/villa-nueva/1/234783
138000.0,62.0,2.0,Las Lomitas,Sabaneta,2022-08-28,2.0,6.153344,-75.611291,1.0,320000000.0,Images/234786.jpeg,https://www.redinmobiliariamls.com/sabaneta/las-lomitas/1/234786
,79.7,2.0,La Aldea,La Estrella,2022-08-28,3.0,6.152531,-75.645107,1.0,415000000.0,Images/234788.jpeg,https://www.redinmobiliariamls.com/la-estrella/la-aldea/1/234788
877700.0,281.0,4.0,Oviedo,Medellín,2022-08-28,4.0,6.203678,-75.573861,3.0,890000000.0,Images/234791.jpeg,https://www.redinmobiliariamls.com/medellin/oviedo/1/234791
1123000.0,253.8,3.0,Alejandría,Medellín,2022-08-28,3.0,6.195666,-75.565355,2.0,1650000000.0,Images/234792.jpeg,https://www.redinmobiliariamls.com/medellin/alejandria/1/234792
,780.0,,Laureles,Medellín,2022-08-28,,6.244579,-75.602148,5.0,4490000000.0,Images/234793.jpeg,https://www.redinmobiliariamls.com/medellin/laureles/1/234793
155900.0,59.2,2.0,Loma de San Jose,Sabaneta,2022-08-28,3.0,6.136176,-75.618115,1.0,250000000.0,Images/234796.jpeg,https://www.redinmobiliariamls.com/sabaneta/loma-de-san-jose/1/234796
,102.0,2.0,El Velódromo,Medellín,2022-08-28,4.0,6.256913,-75.596174,0.0,375000000.0,Images/234797.jpeg,https://www.redinmobiliariamls.com/medellin/el-velodromo/1/234797
140000.0,48.0,2.0,Buenos Aires,Medellín,2022-08-09,3.0,6.237693,-75.545044,0.0,155000000.0,Images/234802.jpeg,https://www.redinmobiliariamls.com/medellin/buenos-aires/1/234802
261000.0,81.97,4.0,Los Alpes,Medellín,2022-08-28,3.0,6.232478,-75.607962,0.0,335000000.0,Images/234806.jpeg,https://www.redinmobiliariamls.com/medellin/los-alpes/1/234806
212000.0,75.36,2.0,San Antonio de Pereira,Rionegro,2022-08-09,3.0,6.256602,-75.575637,1.0,450000000.0,Images/234809.jpeg,https://www.redinmobiliariamls.com/rionegro/san-antonio-de-pereira/1/234809
,70.0,2.0,Las Vegas,Envigado,2022-08-28,2.0,6.256602,-75.575637,1.0,495000000.0,Images/234812.jpeg,https://www.redinmobiliariamls.com/envigado/las-vegas/1/234812
,74.14,1.0,Las Palmas,Medellín,2022-08-28,4.0,6.23925,-75.565619,0.0,250000000.0,Images/234813.jpeg,https://www.redinmobiliariamls.com/medellin/las-palmas/1/234813
170000.0,54.0,2.0,Las Lomitas,Sabaneta,2022-08-28,2.0,6.256602,-75.575637,1.0,292000000.0,Images/234814.jpeg,https://www.redinmobiliariamls.com/sabaneta/las-lomitas/1/234814
230000.0,64.0,2.0,La Cuenca,Envigado,2022-08-28,3.0,6.156185,-75.597387,1.0,295000000.0,Images/234815.jpeg,https://www.redinmobiliariamls.com/envigado/la-cuenca/1/234815
445924.0,123.0,2.0,Loma del Escobero,Envigado,2022-08-09,3.0,6.161771,-75.573996,2.0,550000000.0,Images/234817.jpeg,https://www.redinmobiliariamls.com/envigado/loma-del-escobero/1/234817
390000.0,116.0,2.0,Ciudad del Rio,Medellín,2022-08-28,3.0,6.222486,-75.573322,1.0,760000000.0,Images/234822.jpeg,https://www.redinmobiliariamls.com/medellin/ciudad-del-rio/1/234822
212900.0,72.0,2.0,Loma de San Jose,Sabaneta,2022-08-28,3.0,6.144362,-75.609349,1.0,360000000.0,Images/234823.jpeg,https://www.redinmobiliariamls.com/sabaneta/loma-de-san-jose/1/234823
280000.0,76.0,2.0,Sector Los Colegios,Rionegro,2022-08-28,3.0,6.151136,-75.368828,1.0,320000000.0,Images/234824.jpeg,https://www.redinmobiliariamls.com/rionegro/sector-los-colegios/1/234824
670000.0,170.0,3.0,Los Balsos Nº 1,Medellín,2022-08-28,3.0,6.256602,-75.575637,2.0,950000000.0,Images/234831.jpeg,https://www.redinmobiliariamls.com/medellin/los-balsos-n-1/1/234831
408000.0,107.0,2.0,Bosques de Zuñiga,Envigado,2022-08-28,3.0,6.185693,-75.581778,1.0,515000000.0,Images/234832.jpeg,https://www.redinmobiliariamls.com/envigado/bosques-de-zuniga/1/234832
590000.0,128.0,2.0,Loma de Las Brujas,Envigado,2022-08-28,2.0,6.256602,-75.575637,2.0,860000000.0,Images/234836.jpeg,https://www.redinmobiliariamls.com/envigado/loma-de-las-brujas/1/234836
836000.0,183.0,3.0,Laureles,Medellín,2022-08-28,3.0,6.240988,-75.601172,2.0,820000000.0,Images/234839.jpeg,https://www.redinmobiliariamls.com/medellin/laureles/1/234839
435000.0,120.0,3.0,Loma de los Mesa,Envigado,2022-08-09,3.0,6.256602,-75.575637,2.0,698000000.0,Images/234840.jpeg,https://www.redinmobiliariamls.com/envigado/loma-de-los-mesa/1/234840
282290.0,68.6,2.0,El Rodeo,Medellín,2022-08-28,3.0,6.206873,-75.586689,0.0,310000000.0,Images/234842.jpeg,https://www.redinmobiliariamls.com/medellin/el-rodeo/1/234842
220000.0,70.0,2.0,San Germán,Medellín,2022-08-28,1.0,6.270756,-75.590108,1.0,419000000.0,Images/234844.jpeg,https://www.redinmobiliariamls.com/medellin/san-german/1/234844
221000.0,74.0,2.0,Milán-Vallejuelos,Envigado,2022-08-28,3.0,6.167659,-75.596651,1.0,340000000.0,Images/234846.jpeg,https://www.redinmobiliariamls.com/envigado/milan-vallejuelos/1/234846
,89.04,2.0,Sector Los Colegios,Rionegro,2022-08-28,3.0,6.145811,-75.379404,1.0,610000000.0,Images/234847.jpeg,https://www.redinmobiliariamls.com/rionegro/sector-los-colegios/1/234847
,82.02,2.0,Sector Los Colegios,Rionegro,2022-08-28,3.0,6.33731,-76.053451,1.0,515000000.0,Images/234849.jpeg,https://www.redinmobiliariamls.com/rionegro/sector-los-colegios/1/234849
300000.0,141.0,3.0,Santa Maria de los Angeles,Medellín,2022-08-28,3.0,6.187587,-75.57842,2.0,975410000.0,Images/234851.jpeg,https://www.redinmobiliariamls.com/medellin/santa-maria-de-los-angeles/1/234851
363000.0,73.0,2.0,Suramérica,Itagüí,2022-08-28,3.0,6.256602,-75.575637,1.0,360000000.0,Images/234854.jpeg,https://www.redinmobiliariamls.com/itagi/suramerica/1/234854
,86.97,2.0,Urbano (La Ceja),La Ceja,2022-08-28,3.0,6.028363,-75.432025,0.0,400000000.0,Images/234855.jpeg,https://www.redinmobiliariamls.com/la-ceja/urbano-la-ceja/1/234855
626300.0,200.45,3.0,La Candelaria,Medellín,2022-08-28,3.0,6.231348,-75.533047,1.0,440000000.0,Images/234858.jpeg,https://www.redinmobiliariamls.com/medellin/la-candelaria/1/234858
437000.0,113.29,2.0,La Abadía,Envigado,2022-08-09,3.0,6.176613,-75.576141,2.0,580000000.0,Images/234860.jpeg,https://www.redinmobiliariamls.com/envigado/la-abadia/1/234860
422300.0,82.22,1.0,San Lucas,Medellín,2022-08-28,1.0,6.235734,-75.560461,1.0,335000000.0,Images/234861.jpeg,https://www.redinmobiliariamls.com/medellin/san-lucas/1/234861
217000.0,70.35,2.0,Suramérica,Itagüí,2022-08-28,2.0,6.256602,-75.575637,2.0,430000000.0,Images/234862.jpeg,https://www.redinmobiliariamls.com/itagi/suramerica/1/234862
132000.0,46.0,2.0,Estrellas del Sur,La Estrella,2022-08-28,1.0,6.256602,-75.575637,1.0,200000000.0,Images/234863.jpeg,https://www.redinmobiliariamls.com/la-estrella/estrellas-del-sur/1/234863
242000.0,66.6,2.0,Los Alcazares,Sabaneta,2022-08-28,3.0,6.151645,-75.612657,1.0,415000000.0,Images/234864.jpeg,https://www.redinmobiliariamls.com/sabaneta/los-alcazares/1/234864
,99.27,2.0,El Velódromo,Medellín,2022-08-28,3.0,6.252817,-75.595801,0.0,370000000.0,Images/234866.jpeg,https://www.redinmobiliariamls.com/medellin/el-velodromo/1/234866
420000.0,76.4,2.0,Loma del Indio,Medellín,2022-08-09,2.0,6.256602,-75.575637,2.0,350000000.0,Images/234870.jpeg,https://www.redinmobiliariamls.com/medellin/loma-del-indio/1/234870
430000.0,122.0,3.0,Aves Marías,Sabaneta,2022-08-28,3.0,6.256602,-75.575637,1.0,570000000.0,Images/234871.jpeg,https://www.redinmobiliariamls.com/sabaneta/aves-marias/1/234871
200000.0,72.0,2.0,Suramérica,La Estrella,2022-08-28,3.0,6.256602,-75.575637,1.0,390000000.0,Images/234872.jpeg,https://www.redinmobiliariamls.com/la-estrella/suramerica/1/234872
161000.0,37.1,1.0,Villa Hermosa,Medellín,2022-08-28,2.0,6.253919,-75.552705,0.0,130000000.0,Images/234873.jpeg,https://www.redinmobiliariamls.com/medellin/villa-hermosa/1/234873
467000.0,165.0,4.0,La Abadía,Envigado,2022-08-28,3.0,6.256602,-75.575637,2.0,830000000.0,Images/234875.jpeg,https://www.redinmobiliariamls.com/envigado/la-abadia/1/234875
500000.0,180.0,3.0,Castropol,Medellín,2022-08-28,4.0,6.256602,-75.575637,2.0,950000000.0,Images/234879.jpeg,https://www.redinmobiliariamls.com/medellin/castropol/1/234879
900000.0,270.0,3.0,El Campestre,Medellín,2022-08-28,3.0,6.186627,-75.568685,2.0,1500000000.0,Images/234883.jpeg,https://www.redinmobiliariamls.com/medellin/el-campestre/1/234883
250000.0,95.29,3.0,Conquistadores,Medellín,2022-08-28,3.0,6.242189,-75.58312,1.0,440000000.0,Images/234888.jpeg,https://www.redinmobiliariamls.com/medellin/conquistadores/1/234888
,61.0,2.0,Calasanz,Medellín,2022-08-28,3.0,6.270307,-75.602187,1.0,320000000.0,Images/234889.jpeg,https://www.redinmobiliariamls.com/medellin/calasanz/1/234889
850000.0,209.0,3.0,El Campestre,Medellín,2022-08-28,3.0,6.183045,-75.565573,3.0,1280000000.0,Images/234891.jpeg,https://www.redinmobiliariamls.com/medellin/el-campestre/1/234891
,85.0,2.0,El Chinguí,Envigado,2022-08-28,3.0,6.146996,-75.574729,1.0,460000000.0,Images/234893.jpeg,https://www.redinmobiliariamls.com/envigado/el-chingui/1/234893
,70.0,2.0,V. Cañaveralejo,Sabaneta,2022-08-28,2.0,6.140665,-75.621677,1.0,357985360.0,Images/234898.jpeg,https://www.redinmobiliariamls.com/sabaneta/v-canaveralejo/1/234898
368000.0,83.0,2.0,Canelones,Cajicá,2022-08-28,3.0,4.929364,-74.022042,2.0,450000000.0,Images/234899.jpeg,https://www.redinmobiliariamls.com/cajica/canelones/1/234899
416000.0,132.0,3.0,Carlos E. Restrepo,Medellín,2022-08-28,3.0,6.256784,-75.580031,1.0,450000000.0,Images/234901.jpeg,https://www.redinmobiliariamls.com/medellin/carlos-e-restrepo/1/234901
1269000.0,300.0,3.0,El Campestre,Medellín,2022-08-28,3.0,6.186023,-75.568948,3.0,980000000.0,Images/234903.jpeg,https://www.redinmobiliariamls.com/medellin/el-campestre/1/234903
668000.0,251.68,4.0,Loma de Las Brujas,Envigado,2022-08-28,4.0,6.256602,-75.575637,3.0,1900000000.0,Images/234907.jpeg,https://www.redinmobiliariamls.com/envigado/loma-de-las-brujas/1/234907
328000.0,86.0,2.0,Loma del Indio,Medellín,2022-08-28,3.0,6.256602,-75.575637,1.0,350000000.0,Images/234918.jpeg,https://www.redinmobiliariamls.com/medellin/loma-del-indio/1/234918
234000.0,58.0,2.0,San Diego,Medellín,2022-08-09,3.0,6.231586,-75.559628,1.0,325000000.0,Images/234919.jpeg,https://www.redinmobiliariamls.com/medellin/san-diego/1/234919
579000.0,137.94,2.0,Santa Maria de los Angeles,Medellín,2022-08-28,3.0,6.192349,-75.577874,2.0,780000000.0,Images/234920.jpeg,https://www.redinmobiliariamls.com/medellin/santa-maria-de-los-angeles/1/234920
1300000.0,290.0,4.0,Loma de los Parra,Medellín,2022-08-28,4.0,6.201534,-75.567363,4.0,1300000000.0,Images/234921.jpeg,https://www.redinmobiliariamls.com/medellin/loma-de-los-parra/1/234921
887000.0,197.0,3.0,El Tesoro,Medellín,2022-08-09,3.0,6.256602,-75.575637,3.0,1280000000.0,Images/234924.jpeg,https://www.redinmobiliariamls.com/medellin/el-tesoro/1/234924
,74.8,2.0,Loma de Las Brujas,Envigado,2022-08-09,2.0,6.166681,-75.582917,2.0,480000000.0,Images/234927.jpeg,https://www.redinmobiliariamls.com/envigado/loma-de-las-brujas/1/234927
,70.0,2.0,El Trapiche,Sabaneta,2022-08-28,2.0,6.143986,-75.621407,1.0,379000000.0,Images/234928.jpeg,https://www.redinmobiliariamls.com/sabaneta/el-trapiche/1/234928
636000.0,136.8,3.0,Castropol,Medellín,2022-08-28,3.0,6.216536,-75.567447,2.0,1015000000.0,Images/234936.jpeg,https://www.redinmobiliariamls.com/medellin/castropol/1/234936
105000.0,57.0,2.0,V. Fontibon ,Rionegro,2022-08-28,3.0,6.256602,-75.575637,1.0,305000000.0,Images/234937.jpeg,https://www.redinmobiliariamls.com/rionegro/v-fontibon-/1/234937
365000.0,103.0,2.0,Loma de Cumbres,Envigado,2022-08-28,3.0,6.256602,-75.575637,2.0,575000000.0,Images/234939.jpeg,https://www.redinmobiliariamls.com/envigado/loma-de-cumbres/1/234939
378000.0,101.0,3.0,Laureles,Medellín,2022-08-28,4.0,6.264408,-75.596709,1.0,510000000.0,Images/234940.jpeg,https://www.redinmobiliariamls.com/medellin/laureles/1/234940
67000.0,94.65,1.0,La Católica,Rionegro,2022-08-28,3.0,6.147456,-75.36561,1.0,330000000.0,Images/234941.jpeg,https://www.redinmobiliariamls.com/rionegro/la-catolica/1/234941
393000.0,97.0,2.0,El Poblado,Medellín,2022-08-09,3.0,6.252722,-75.609431,2.0,535000000.0,Images/234942.jpeg,https://www.redinmobiliariamls.com/medellin/el-poblado/1/234942
260500.0,86.0,2.0,El Chinguí,Envigado,2022-08-28,3.0,6.154268,-75.583413,1.0,490000000.0,Images/234946.jpeg,https://www.redinmobiliariamls.com/envigado/el-chingui/1/234946
196000.0,51.4,2.0,Belén Rodeo Alto,Medellín,2022-08-09,3.0,6.203091,-75.599516,1.0,220000000.0,Images/234948.jpeg,https://www.redinmobiliariamls.com/medellin/belen-rodeo-alto/1/234948
330000.0,97.0,3.0,Zuñiga,Envigado,2022-08-09,3.0,6.180508,-75.579408,1.0,464000000.0,Images/234950.jpeg,https://www.redinmobiliariamls.com/envigado/zuniga/1/234950
288400.0,90.0,2.0,La Aldea,La Estrella,2022-08-28,3.0,6.150054,-75.640388,1.0,430000000.0,Images/234952.jpeg,https://www.redinmobiliariamls.com/la-estrella/la-aldea/1/234952
250000.0,54.78,1.0,Serramonte,Bello,2022-08-28,3.0,6.327145,-75.568739,0.0,165000000.0,Images/234957.jpeg,https://www.redinmobiliariamls.com/bello/serramonte/1/234957
398000.0,107.0,3.0,Ciudad del Rio,Medellín,2022-08-28,3.0,6.223368,-75.572367,2.0,850000000.0,Images/234960.jpeg,https://www.redinmobiliariamls.com/medellin/ciudad-del-rio/1/234960
740000.0,125.3,2.0,Las Lomas Nº 1,Medellín,2022-08-09,3.0,6.210903,-75.565851,2.0,680000000.0,Images/234967.jpeg,https://www.redinmobiliariamls.com/medellin/las-lomas-n-1/1/234967
430000.0,90.0,2.0,Castropol,Medellín,2022-08-28,2.0,6.256602,-75.575637,2.0,625000000.0,Images/234972.jpeg,https://www.redinmobiliariamls.com/medellin/castropol/1/234972
222433.0,73.86,2.0,San Antonio de Pereira,Rionegro,2022-08-28,2.0,6.133506,-75.381431,1.0,300000000.0,Images/234977.jpeg,https://www.redinmobiliariamls.com/rionegro/san-antonio-de-pereira/1/234977
254202.0,50.89,1.0,Urbano,El Retiro,2022-08-28,1.0,6.060955,-75.502581,1.0,260000000.0,Images/234978.jpeg,https://www.redinmobiliariamls.com/el-retiro/urbano/1/234978
550000.0,120.0,2.0,Castropol,Medellín,2022-08-28,2.0,6.256602,-75.575637,3.0,870000000.0,Images/234979.jpeg,https://www.redinmobiliariamls.com/medellin/castropol/1/234979
100000.0,39.5,1.0,Loreto,Medellín,2022-08-28,2.0,6.230223,-75.56142,0.0,167000000.0,Images/234980.jpeg,https://www.redinmobiliariamls.com/medellin/loreto/1/234980
118900.0,54.69,2.0,Trapiche,Bello,2022-08-28,3.0,6.341125,-75.571045,1.0,210000000.0,Images/234985.jpeg,https://www.redinmobiliariamls.com/bello/trapiche/1/234985
280000.0,75.0,2.0,V. La María,El Retiro,2022-08-28,2.0,6.060955,-75.502581,1.0,540000000.0,Images/234988.jpeg,https://www.redinmobiliariamls.com/el-retiro/v-la-maria/1/234988
209066.0,71.92,2.0,Loma del Escobero,Envigado,2022-08-28,2.0,6.172347,-75.589942,1.0,480000000.0,Images/234989.jpeg,https://www.redinmobiliariamls.com/envigado/loma-del-escobero/1/234989
380000.0,125.0,3.0,Loma de los Mesa,Envigado,2022-08-28,3.0,6.170188,-75.570845,2.0,815000000.0,Images/234990.jpeg,https://www.redinmobiliariamls.com/envigado/loma-de-los-mesa/1/234990
240000.0,75.0,2.0,V. Pan de Azúcar,Sabaneta,2022-08-28,2.0,6.256602,-75.575637,1.0,375000000.0,Images/234994.jpeg,https://www.redinmobiliariamls.com/sabaneta/v-pan-de-azucar/1/234994
128000.0,50.93,2.0,María Auxiliadora,Sabaneta,2022-08-28,3.0,6.256602,-75.575637,0.0,209000000.0,Images/234995.jpeg,https://www.redinmobiliariamls.com/sabaneta/maria-auxiliadora/1/234995
150000.0,46.0,1.0,Colinas del Sur,Itagüí,2022-08-28,2.0,6.190154,-75.600122,1.0,195000000.0,Images/234997.jpeg,https://www.redinmobiliariamls.com/itagi/colinas-del-sur/1/234997
270000.0,68.5,1.0,Centro,Medellín,2022-08-28,2.0,6.247797,-75.562504,1.0,290000000.0,Images/234998.jpeg,https://www.redinmobiliariamls.com/medellin/centro/1/234998
740000.0,300.0,2.0,La Visitación,Medellín,2022-08-28,3.0,6.256602,-75.575637,4.0,950000000.0,Images/235000.jpeg,https://www.redinmobiliariamls.com/medellin/la-visitacion/1/235000
950000.0,178.0,3.0,El Poblado,Medellín,2022-08-28,4.0,6.211347,-75.570081,1.0,510000000.0,Images/235002.jpeg,https://www.redinmobiliariamls.com/medellin/el-poblado/1/235002
1919200.0,413.24,5.0,El Tesoro,Medellín,2022-08-28,4.0,6.194947,-75.558393,4.0,2500000000.0,Images/235003.jpeg,https://www.redinmobiliariamls.com/medellin/el-tesoro/1/235003
631000.0,157.0,3.0,Laureles,Medellín,2022-08-28,3.0,6.241382,-75.593361,2.0,900000000.0,Images/235004.jpeg,https://www.redinmobiliariamls.com/medellin/laureles/1/235004
290000.0,63.92,2.0,Suramérica,Itagüí,2022-08-28,2.0,6.1642,-75.637398,1.0,330000000.0,Images/235009.jpeg,https://www.redinmobiliariamls.com/itagi/suramerica/1/235009
215600.0,55.24,2.0,Santa Ana,Bello,2022-08-28,1.0,6.326367,-75.564393,1.0,280000000.0,Images/235010.jpeg,https://www.redinmobiliariamls.com/bello/santa-ana/1/235010
240000.0,70.0,2.0,Las Antillas,Envigado,2022-08-28,3.0,6.158104,-75.58265,1.0,320000000.0,Images/235011.jpeg,https://www.redinmobiliariamls.com/envigado/las-antillas/1/235011
116500.0,59.0,2.0,Loma de San Jose,Sabaneta,2022-08-28,2.0,6.136603,-75.617943,1.0,235000000.0,Images/235012.jpeg,https://www.redinmobiliariamls.com/sabaneta/loma-de-san-jose/1/235012
40000.0,45.0,2.0,La Barquereña,Sabaneta,2022-08-28,2.0,6.150773,-75.613816,0.0,198000000.0,Images/235014.jpeg,https://www.redinmobiliariamls.com/sabaneta/la-barquerena/1/235014
120000.0,54.0,1.0,Amazonía,Bello,2022-08-28,2.0,6.256602,-75.575637,1.0,190000000.0,Images/235015.jpeg,https://www.redinmobiliariamls.com/bello/amazonia/1/235015
,115.0,3.0,Santa Maria de los Angeles,Medellín,2022-08-28,2.0,6.256602,-75.575637,2.0,650000000.0,Images/235017.jpeg,https://www.redinmobiliariamls.com/medellin/santa-maria-de-los-angeles/1/235017
621150.0,104.0,2.0,Los Balsos Nº 1,Medellín,2022-08-28,3.0,6.256602,-75.575637,1.0,560000000.0,Images/235022.jpeg,https://www.redinmobiliariamls.com/medellin/los-balsos-n-1/1/235022
37000.0,53.0,1.0,María Auxiliadora,Sabaneta,2022-08-28,3.0,6.155828,-75.604101,0.0,130000000.0,Images/235025.jpeg,https://www.redinmobiliariamls.com/sabaneta/maria-auxiliadora/1/235025
678609.0,177.16,3.0,La Florida,Medellín,2022-08-28,3.0,6.205025,-75.569459,2.0,1040000000.0,Images/235026.jpeg,https://www.redinmobiliariamls.com/medellin/la-florida/1/235026
300000.0,49.0,1.0,Astorga,Medellín,2022-08-09,1.0,6.209675,-75.572362,1.0,390000000.0,Images/235028.jpeg,https://www.redinmobiliariamls.com/medellin/astorga/1/235028
277600.0,83.0,2.0,Asdesillas,Sabaneta,2022-08-28,3.0,6.256602,-75.575637,1.0,520000000.0,Images/235031.jpeg,https://www.redinmobiliariamls.com/sabaneta/asdesillas/1/235031
576000.0,135.0,2.0,El Chocho,Envigado,2022-08-28,3.0,6.256602,-75.575637,2.0,950000000.0,Images/235039.jpeg,https://www.redinmobiliariamls.com/envigado/el-chocho/1/235039
262300.0,79.0,2.0,Sector Los Colegios,Rionegro,2022-08-28,3.0,6.256602,-75.575637,1.0,375000000.0,Images/235044.jpeg,https://www.redinmobiliariamls.com/rionegro/sector-los-colegios/1/235044
,59.0,2.0,Autopista (Marinilla),Marinilla,2022-08-28,3.0,6.178571,-75.360343,1.0,310000000.0,Images/235045.jpeg,https://www.redinmobiliariamls.com/marinilla/autopista-marinilla/1/235045
180000.0,64.0,2.0,Prado,Bello,2022-08-28,3.0,6.337647,-75.554725,1.0,239000000.0,Images/235046.jpeg,https://www.redinmobiliariamls.com/bello/prado/1/235046
411100.0,103.0,2.0,Zuñiga,Envigado,2022-08-28,2.0,6.256602,-75.575637,2.0,550000000.0,Images/235047.jpeg,https://www.redinmobiliariamls.com/envigado/zuniga/1/235047
130000.0,55.0,2.0,Inmaculada 1,La Estrella,2022-08-28,2.0,6.256602,-75.575637,1.0,245000000.0,Images/235050.jpeg,https://www.redinmobiliariamls.com/la-estrella/inmaculada-1/1/235050
231410.0,64.0,2.0,El Trapiche,Sabaneta,2022-08-28,2.0,6.256602,-75.575637,1.0,335000000.0,Images/235051.jpeg,https://www.redinmobiliariamls.com/sabaneta/el-trapiche/1/235051
,55.0,2.0,Centro,Itagüí,2022-08-28,2.0,6.171606,-75.609969,0.0,160000000.0,Images/235053.jpeg,https://www.redinmobiliariamls.com/itagi/centro/1/235053
,68.0,1.0,San Gabriel,Itagüí,2022-08-28,3.0,6.166414,-75.617608,0.0,160000000.0,Images/235058.jpeg,https://www.redinmobiliariamls.com/itagi/san-gabriel/1/235058
150000.0,52.0,1.0,V. Fontibon ,Rionegro,2022-08-28,2.0,6.256602,-75.575637,0.0,210000000.0,Images/235059.jpeg,https://www.redinmobiliariamls.com/rionegro/v-fontibon-/1/235059
150000.0,59.0,2.0,Autopista (Marinilla),Marinilla,2022-08-28,3.0,6.256602,-75.575637,1.0,258000000.0,Images/235060.jpeg,https://www.redinmobiliariamls.com/marinilla/autopista-marinilla/1/235060
414000.0,170.0,3.0,Loma de Las Brujas,Envigado,2022-08-28,3.0,6.158496,-75.574972,2.0,1150000000.0,Images/235061.jpeg,https://www.redinmobiliariamls.com/envigado/loma-de-las-brujas/1/235061
281200.0,73.0,2.0,Camino Verde,Envigado,2022-08-28,3.0,6.157536,-75.578255,1.0,390000000.0,Images/235062.jpeg,https://www.redinmobiliariamls.com/envigado/camino-verde/1/235062
280000.0,72.0,2.0,El Chinguí,Envigado,2022-08-28,3.0,6.154313,-75.573797,1.0,400000000.0,Images/235063.jpeg,https://www.redinmobiliariamls.com/envigado/el-chingui/1/235063
230000.0,65.0,2.0,La Cuenca,Envigado,2022-08-28,3.0,6.153979,-75.59794,1.0,305000000.0,Images/235067.jpeg,https://www.redinmobiliariamls.com/envigado/la-cuenca/1/235067
,58.0,2.0,V. Cimarronas (Rionegro),Rionegro,2022-08-28,3.0,6.149568,-75.386292,1.0,255000000.0,Images/235068.jpeg,https://www.redinmobiliariamls.com/rionegro/v-cimarronas-rionegro/1/235068
418000.0,108.0,2.0,Los Balsos Nº 1,Medellín,2022-08-28,3.0,6.194357,-75.569923,2.0,515000000.0,Images/235069.jpeg,https://www.redinmobiliariamls.com/medellin/los-balsos-n-1/1/235069
337000.0,72.0,2.0,Suramérica,Itagüí,2022-08-28,3.0,6.184162,-75.594574,1.0,360000000.0,Images/235070.jpeg,https://www.redinmobiliariamls.com/itagi/suramerica/1/235070
255000.0,53.0,2.0,Centro,Santa Fe de Antioquia,2022-08-28,2.0,6.256602,-75.575637,1.0,240000000.0,Images/235071.jpeg,https://www.redinmobiliariamls.com/santa-fe-de-antioquia/centro/1/235071
159700.0,35.2,1.0,Castropol,Medellín,2022-08-28,1.0,6.256602,-75.575637,1.0,262000000.0,Images/235073.jpeg,https://www.redinmobiliariamls.com/medellin/castropol/1/235073
,70.0,2.0,Aves Marías,Sabaneta,2022-08-28,3.0,6.256602,-75.575637,1.0,387965000.0,Images/235074.jpeg,https://www.redinmobiliariamls.com/sabaneta/aves-marias/1/235074
260000.0,87.0,2.0,Suramérica,Itagüí,2022-08-28,3.0,6.164528,-75.632312,1.0,450000000.0,Images/235078.jpeg,https://www.redinmobiliariamls.com/itagi/suramerica/1/235078
340000.0,86.6,2.0,El Rodeo,Medellín,2022-08-28,3.0,6.210355,-75.601721,1.0,430000000.0,Images/235079.jpeg,https://www.redinmobiliariamls.com/medellin/el-rodeo/1/235079
184000.0,54.0,2.0,Amazonía,Bello,2022-08-28,2.0,6.317706,-75.568914,1.0,270000000.0,Images/235082.jpeg,https://www.redinmobiliariamls.com/bello/amazonia/1/235082
220000.0,82.84,2.0,Calasanz,Medellín,2022-08-28,3.0,6.268319,-75.597564,1.0,597000000.0,Images/235086.jpeg,https://www.redinmobiliariamls.com/medellin/calasanz/1/235086
221400.0,65.6,2.0,Asdesillas,Sabaneta,2022-08-28,3.0,6.153729,-75.604515,1.0,340000000.0,Images/235087.jpeg,https://www.redinmobiliariamls.com/sabaneta/asdesillas/1/235087
128000.0,50.93,2.0,V. Maria Auxiliadora,Sabaneta,2022-08-28,3.0,6.256602,-75.575637,1.0,195000000.0,Images/235088.jpeg,https://www.redinmobiliariamls.com/sabaneta/v-maria-auxiliadora/1/235088
150000.0,67.0,2.0,Autopista (Marinilla),Marinilla,2022-08-28,3.0,6.256602,-75.575637,2.0,250000000.0,Images/235090.jpeg,https://www.redinmobiliariamls.com/marinilla/autopista-marinilla/1/235090
1060000.0,257.0,3.0,El Tesoro,Medellín,2022-08-28,4.0,6.203707,-75.559624,2.0,800000000.0,Images/235093.jpeg,https://www.redinmobiliariamls.com/medellin/el-tesoro/1/235093
190000.0,65.0,2.0,Amazonía,Bello,2022-08-28,3.0,6.256602,-75.575637,1.0,250000000.0,Images/235094.jpeg,https://www.redinmobiliariamls.com/bello/amazonia/1/235094
160000.0,54.0,2.0,Amazonía,Bello,2022-08-28,3.0,6.256602,-75.575637,1.0,225000000.0,Images/235098.jpeg,https://www.redinmobiliariamls.com/bello/amazonia/1/235098
,55.0,2.0,Autopista (Marinilla),Marinilla,2022-08-28,3.0,6.178571,-75.360343,1.0,285000000.0,Images/235099.jpeg,https://www.redinmobiliariamls.com/marinilla/autopista-marinilla/1/235099
280000.0,85.38,2.0,V. Cañaveralejo,Sabaneta,2022-08-28,3.0,6.143046,-75.621148,1.0,450000000.0,Images/235100.jpeg,https://www.redinmobiliariamls.com/sabaneta/v-canaveralejo/1/235100
350000.0,75.0,2.0,Loma de Cumbres,Envigado,2022-08-28,3.0,6.256602,-75.575637,1.0,385000000.0,Images/235101.jpeg,https://www.redinmobiliariamls.com/envigado/loma-de-cumbres/1/235101
450000.0,156.0,3.0,San Lucas,Medellín,2022-08-28,3.0,6.256602,-75.575637,2.0,650000000.0,Images/235102.jpeg,https://www.redinmobiliariamls.com/medellin/san-lucas/1/235102
225000.0,86.0,2.0,La Doctora,Sabaneta,2022-08-28,3.0,6.256602,-75.575637,1.0,385000000.0,Images/235103.jpeg,https://www.redinmobiliariamls.com/sabaneta/la-doctora/1/235103
320000.0,77.0,2.0,Jardines,Envigado,2022-08-28,2.0,6.256602,-75.575637,1.0,450000000.0,Images/235105.jpeg,https://www.redinmobiliariamls.com/envigado/jardines/1/235105
160000.0,64.0,2.0,Prado,Bello,2022-08-28,3.0,6.256602,-75.575637,1.0,239000000.0,Images/235109.jpeg,https://www.redinmobiliariamls.com/bello/prado/1/235109
,64.0,2.0,V. Pueblo Viejo,La Estrella,2022-08-28,2.0,6.151197,-75.640128,1.0,285000000.0,Images/235110.jpeg,https://www.redinmobiliariamls.com/la-estrella/v-pueblo-viejo/1/235110
484000.0,130.0,3.0,Bosques de Zuñiga,Envigado,2022-08-09,3.0,6.182781,-75.58074,2.0,720000000.0,Images/235113.jpeg,https://www.redinmobiliariamls.com/envigado/bosques-de-zuniga/1/235113
1009000.0,234.5,3.0,La Calera,Medellín,2022-08-28,3.0,6.256602,-75.575637,3.0,1450000000.0,Images/235117.jpeg,https://www.redinmobiliariamls.com/medellin/la-calera/1/235117
,70.0,1.0,Ciudad del Rio,Medellín,2022-08-28,1.0,6.256602,-75.575637,1.0,545000000.0,Images/235120.jpeg,https://www.redinmobiliariamls.com/medellin/ciudad-del-rio/1/235120
,40.85,1.0,Ciudad del Rio,Medellín,2022-08-28,1.0,6.256602,-75.575637,1.0,445000000.0,Images/235121.jpeg,https://www.redinmobiliariamls.com/medellin/ciudad-del-rio/1/235121
,125.0,3.0,Santa Maria de los Angeles,Medellín,2022-08-28,3.0,6.192316,-75.577953,2.0,780000000.0,Images/235122.jpeg,https://www.redinmobiliariamls.com/medellin/santa-maria-de-los-angeles/1/235122
152400.0,69.21,2.0,Cristo Rey,Copacabana,2022-08-28,3.0,6.338533,-75.504848,1.0,235000000.0,Images/235123.jpeg,https://www.redinmobiliariamls.com/copacabana/cristo-rey/1/235123
292000.0,87.61,2.0,La Paz,Envigado,2022-08-28,3.0,6.16347,-75.594785,2.0,480000000.0,Images/235124.jpeg,https://www.redinmobiliariamls.com/envigado/la-paz/1/235124
,111.27,2.0,Oviedo,Medellín,2022-08-28,2.0,6.256602,-75.575637,2.0,1400000000.0,Images/235125.jpeg,https://www.redinmobiliariamls.com/medellin/oviedo/1/235125
231436.0,66.4,2.0,Calasanz,Medellín,2022-08-28,2.0,6.248887,-75.614418,1.0,259000000.0,Images/235126.jpeg,https://www.redinmobiliariamls.com/medellin/calasanz/1/235126
119827.0,52.0,2.0,La Tablaza,La Estrella,2022-08-28,2.0,6.128523,-75.635321,0.0,184000000.0,Images/235127.jpeg,https://www.redinmobiliariamls.com/la-estrella/la-tablaza/1/235127
338588.0,82.53,2.0,V. Las Lomitas,Sabaneta,2022-08-28,3.0,6.146517,-75.611878,2.0,355000000.0,Images/235128.jpeg,https://www.redinmobiliariamls.com/sabaneta/v-las-lomitas/1/235128
,73.0,2.0,Corredor San Antonio - La Ceja (La Ceja),La Ceja,2022-08-09,3.0,6.323607,-75.459889,1.0,320000000.0,Images/235131.jpeg,https://www.redinmobiliariamls.com/la-ceja/corredor-san-antonio-la-ceja-la-ceja/1/235131
,49.0,2.0,V. Fontibon ,Rionegro,2022-08-28,2.0,6.394874,-75.437317,1.0,266000000.0,Images/235134.jpeg,https://www.redinmobiliariamls.com/rionegro/v-fontibon-/1/235134
,94.39,4.0,Las Mercedes,Medellín,2022-08-28,7.0,6.236875,-75.608269,0.0,350000000.0,Images/235137.jpeg,https://www.redinmobiliariamls.com/medellin/las-mercedes/1/235137
350000.0,106.0,2.0,Ciudad del Rio,Medellín,2022-08-28,3.0,6.220635,-75.574213,2.0,660000000.0,Images/235138.jpeg,https://www.redinmobiliariamls.com/medellin/ciudad-del-rio/1/235138
297414.0,64.5,2.0,Loma de San Julian,Medellín,2022-08-28,3.0,6.224415,-75.567288,1.0,350000000.0,Images/235139.jpeg,https://www.redinmobiliariamls.com/medellin/loma-de-san-julian/1/235139
184000.0,79.5,2.0,El Rodeo,Medellín,2022-08-28,3.0,6.256602,-75.575637,1.0,480000000.0,Images/235141.jpeg,https://www.redinmobiliariamls.com/medellin/el-rodeo/1/235141
419000.0,123.0,4.0,Loma de Benedictinos,Envigado,2022-08-09,3.0,6.178411,-75.574446,2.0,850000000.0,Images/235143.jpeg,https://www.redinmobiliariamls.com/envigado/loma-de-benedictinos/1/235143
348000.0,137.0,2.0,Carlos E. Restrepo,Medellín,2022-08-28,4.0,6.256784,-75.580031,1.0,420000000.0,Images/235145.jpeg,https://www.redinmobiliariamls.com/medellin/carlos-e-restrepo/1/235145
696000.0,167.0,3.0,San Lucas,Medellín,2022-08-28,3.0,6.179089,-75.563306,2.0,850000000.0,Images/235146.jpeg,https://www.redinmobiliariamls.com/medellin/san-lucas/1/235146
384000.0,65.7,2.0,Patio Bonito,Medellín,2022-08-28,2.0,6.205551,-75.576685,1.0,370000000.0,Images/235149.jpeg,https://www.redinmobiliariamls.com/medellin/patio-bonito/1/235149
294100.0,76.2,2.0,Calasanz,Medellín,2022-08-28,4.0,6.261961,-75.603213,1.0,320000000.0,Images/235150.jpeg,https://www.redinmobiliariamls.com/medellin/calasanz/1/235150
566000.0,95.68,2.0,Otraparte,Envigado,2022-08-28,3.0,6.166084,-75.586418,2.0,515000000.0,Images/235151.jpeg,https://www.redinmobiliariamls.com/envigado/otraparte/1/235151
225000.0,68.0,2.0,Parque los Lagartos,Bogotá,2022-08-28,3.0,4.700159,-74.086669,1.0,360000000.0,Images/235152.jpeg,https://www.redinmobiliariamls.com/bogota/parque-los-lagartos/1/235152
,54.0,2.0,V. Fontibon ,Rionegro,2022-08-28,3.0,6.256602,-75.575637,1.0,240000000.0,Images/235154.jpeg,https://www.redinmobiliariamls.com/rionegro/v-fontibon-/1/235154
288000.0,100.0,2.0,Aves Marías,Sabaneta,2022-08-28,3.0,6.145941,-75.609946,1.0,498000000.0,Images/235156.jpeg,https://www.redinmobiliariamls.com/sabaneta/aves-marias/1/235156
,77.0,2.0,Corredor la Fe - El Retiro,El Retiro,2022-08-28,3.0,6.089008,-75.490493,1.0,510000000.0,Images/235161.jpeg,https://www.redinmobiliariamls.com/el-retiro/corredor-la-fe-el-retiro/1/235161
,55.0,2.0,Autopista (Marinilla),Marinilla,2022-08-28,2.0,6.178571,-75.360343,1.0,330000000.0,Images/235162.jpeg,https://www.redinmobiliariamls.com/marinilla/autopista-marinilla/1/235162
330000.0,96.0,2.0,V. San José,Sabaneta,2022-08-28,3.0,6.136176,-75.618115,2.0,480000000.0,Images/235165.jpeg,https://www.redinmobiliariamls.com/sabaneta/v-san-jose/1/235165
210000.0,80.21,2.0,Las Palmas,Medellín,2022-08-28,3.0,6.227861,-75.566711,0.0,360000000.0,Images/235170.jpeg,https://www.redinmobiliariamls.com/medellin/las-palmas/1/235170
240000.0,70.0,2.0,La Paz,Envigado,2022-08-28,3.0,6.163556,-75.595266,1.0,335000000.0,Images/235171.jpeg,https://www.redinmobiliariamls.com/envigado/la-paz/1/235171
1040000.0,212.0,2.0,La Concha,Medellín,2022-08-28,2.0,6.209234,-75.558686,2.0,1280000000.0,Images/235172.jpeg,https://www.redinmobiliariamls.com/medellin/la-concha/1/235172
1600000.0,235.0,3.0,La Concha,Medellín,2022-08-28,3.0,6.209003,-75.558829,2.0,980000000.0,Images/235174.jpeg,https://www.redinmobiliariamls.com/medellin/la-concha/1/235174
240000.0,61.0,2.0,El Carmelo,Sabaneta,2022-08-28,1.0,6.149359,-75.609064,1.0,340000000.0,Images/235177.jpeg,https://www.redinmobiliariamls.com/sabaneta/el-carmelo/1/235177
180883.0,47.04,2.0,Suramérica,Itagüí,2022-08-28,1.0,6.184162,-75.594574,1.0,210000000.0,Images/235178.jpeg,https://www.redinmobiliariamls.com/itagi/suramerica/1/235178
150000.0,60.0,2.0,Loma de San Jose,Sabaneta,2022-08-28,3.0,6.150107,-75.617242,1.0,250000000.0,Images/235182.jpeg,https://www.redinmobiliariamls.com/sabaneta/loma-de-san-jose/1/235182
70000.0,82.0,2.0,Belén,Medellín,2022-08-28,3.0,6.256602,-75.575637,1.0,355000000.0,Images/235183.jpeg,https://www.redinmobiliariamls.com/medellin/belen/1/235183
333000.0,74.0,2.0,Loma de los Parra,Medellín,2022-08-28,3.0,6.201267,-75.561603,1.0,380000000.0,Images/235185.jpeg,https://www.redinmobiliariamls.com/medellin/loma-de-los-parra/1/235185
194000.0,91.5,2.0,Navarra,Bello,2022-08-28,3.0,6.345399,-75.533521,1.0,350000000.0,Images/235187.jpeg,https://www.redinmobiliariamls.com/bello/navarra/1/235187
128000.0,50.93,2.0,V. Maria Auxiliadora,Sabaneta,2022-08-28,3.0,6.256602,-75.575637,1.0,195000000.0,Images/235188.jpeg,https://www.redinmobiliariamls.com/sabaneta/v-maria-auxiliadora/1/235188
128000.0,50.93,2.0,V. Maria Auxiliadora,Sabaneta,2022-08-28,3.0,6.256602,-75.575637,1.0,195000000.0,Images/235189.jpeg,https://www.redinmobiliariamls.com/sabaneta/v-maria-auxiliadora/1/235189
208000.0,75.31,2.0,Aves Marías,Sabaneta,2022-08-28,3.0,6.147228,-75.616561,1.0,360000000.0,Images/235191.jpeg,https://www.redinmobiliariamls.com/sabaneta/aves-marias/1/235191
169000.0,54.0,1.0,San Antonio de Pereira,Rionegro,2022-08-28,1.0,6.256602,-75.575637,1.0,305000000.0,Images/235193.jpeg,https://www.redinmobiliariamls.com/rionegro/san-antonio-de-pereira/1/235193
298100.0,56.39,2.0,Los Colores,Medellín,2022-08-09,3.0,6.265602,-75.588822,1.0,295000000.0,Images/235197.jpeg,https://www.redinmobiliariamls.com/medellin/los-colores/1/235197
135000.0,59.7,2.0,Asdesillas,Sabaneta,2022-08-28,2.0,6.152373,-75.606343,1.0,315000000.0,Images/235198.jpeg,https://www.redinmobiliariamls.com/sabaneta/asdesillas/1/235198
180000.0,75.8,2.0,Asdesillas,Sabaneta,2022-08-28,3.0,6.152234,-75.606257,1.0,395000000.0,Images/235199.jpeg,https://www.redinmobiliariamls.com/sabaneta/asdesillas/1/235199
,76.0,2.0,Guayabal,Medellín,2022-08-28,3.0,6.220153,-75.581943,0.0,330000000.0,Images/235200.jpeg,https://www.redinmobiliariamls.com/medellin/guayabal/1/235200
,76.0,2.0,Guayabal,Medellín,2022-08-28,2.0,6.220153,-75.581943,0.0,290000000.0,Images/235201.jpeg,https://www.redinmobiliariamls.com/medellin/guayabal/1/235201
277000.0,80.0,2.0,Loma de Cumbres,Envigado,2022-08-28,3.0,6.171891,-75.573769,1.0,490000000.0,Images/235204.jpeg,https://www.redinmobiliariamls.com/envigado/loma-de-cumbres/1/235204
288000.0,125.0,3.0,Castropol,Medellín,2022-08-28,4.0,6.256602,-75.575637,1.0,550000000.0,Images/235205.jpeg,https://www.redinmobiliariamls.com/medellin/castropol/1/235205
,59.0,2.0,Autopista (Marinilla),Marinilla,2022-08-28,3.0,6.178571,-75.360343,1.0,330000000.0,Images/235207.jpeg,https://www.redinmobiliariamls.com/marinilla/autopista-marinilla/1/235207
,56.0,1.0,Boston,Medellín,2022-08-28,2.0,6.255578,-75.5692,0.0,150000000.0,Images/235210.jpeg,https://www.redinmobiliariamls.com/medellin/boston/1/235210
252000.0,68.0,2.0,Callejón del Banco,Sabaneta,2022-08-28,3.0,6.148863,-75.621422,1.0,335000000.0,Images/235211.jpeg,https://www.redinmobiliariamls.com/sabaneta/callejon-del-banco/1/235211
150000.0,74.35,2.0,El Chinguí,Envigado,2022-08-28,2.0,6.146996,-75.574729,1.0,440000000.0,Images/235213.jpeg,https://www.redinmobiliariamls.com/envigado/el-chingui/1/235213
,28.4,1.0,Buenos Aires,Medellín,2022-08-28,1.0,6.242935,-75.556948,0.0,135000000.0,Images/235214.jpeg,https://www.redinmobiliariamls.com/medellin/buenos-aires/1/235214
207000.0,57.0,2.0,V. Barro Blanco,Rionegro,2022-08-28,2.0,6.256602,-75.575637,1.0,385000000.0,Images/235217.jpeg,https://www.redinmobiliariamls.com/rionegro/v-barro-blanco/1/235217
,57.1,2.0,Centro,El Retiro,2022-08-28,2.0,6.05842,-75.502598,1.0,430000000.0,Images/235218.jpeg,https://www.redinmobiliariamls.com/el-retiro/centro/1/235218
527000.0,89.5,2.0,Laureles,Medellín,2022-08-28,3.0,6.24081,-75.586034,1.0,500000000.0,Images/235220.jpeg,https://www.redinmobiliariamls.com/medellin/laureles/1/235220
,110.0,3.0,Suramérica,Itagüí,2022-08-28,3.0,6.162093,-75.630521,2.0,560000000.0,Images/235221.jpeg,https://www.redinmobiliariamls.com/itagi/suramerica/1/235221
189596.0,51.75,2.0,V. Las Lomitas,Sabaneta,2022-08-28,3.0,6.143935,-75.607942,1.0,297000000.0,Images/235222.jpeg,https://www.redinmobiliariamls.com/sabaneta/v-las-lomitas/1/235222
,45.1,1.0,Villa Hermosa,Medellín,2022-08-28,2.0,6.258427,-75.553204,0.0,115000000.0,Images/235223.jpeg,https://www.redinmobiliariamls.com/medellin/villa-hermosa/1/235223
,77.03,2.0,Girardot,Medellín,2022-08-28,2.0,6.256602,-75.575637,0.0,220000000.0,Images/235224.jpeg,https://www.redinmobiliariamls.com/medellin/girardot/1/235224
480000.0,118.0,2.0,Loma Cola del Zorro,Medellín,2022-08-28,2.0,6.207514,-75.550322,2.0,775000000.0,Images/235225.jpeg,https://www.redinmobiliariamls.com/medellin/loma-cola-del-zorro/1/235225
,77.0,1.0,Puerto Colombia,Atlántico,2022-08-28,1.0,11.01464,-74.844156,1.0,360000000.0,Images/235226.jpeg,https://www.redinmobiliariamls.com/atlantico/puerto-colombia/1/235226
120000.0,106.18,2.0,Barrio Mesa,Envigado,2022-08-28,3.0,6.168687,-75.587434,1.0,440000000.0,Images/235227.jpeg,https://www.redinmobiliariamls.com/envigado/barrio-mesa/1/235227
150000.0,55.0,1.0,Viviendas del Sur,Itagüí,2022-08-28,1.0,6.256602,-75.575637,1.0,255000000.0,Images/235235.jpeg,https://www.redinmobiliariamls.com/itagi/viviendas-del-sur/1/235235
440000.0,125.0,3.0,La Tomatera,Medellín,2022-08-09,3.0,6.204863,-75.57011,1.0,750000000.0,Images/235238.jpeg,https://www.redinmobiliariamls.com/medellin/la-tomatera/1/235238
198000.0,54.0,2.0,San Gabriel,Itagüí,2022-08-28,2.0,6.178484,-75.635583,0.0,178000000.0,Images/235241.jpeg,https://www.redinmobiliariamls.com/itagi/san-gabriel/1/235241
211252.0,60.4,2.0,Calle Larga,Sabaneta,2022-08-09,3.0,6.151983,-75.623781,1.0,295000000.0,Images/235245.jpeg,https://www.redinmobiliariamls.com/sabaneta/calle-larga/1/235245
190000.0,55.8,2.0,Las Americas,Itagüí,2022-08-28,2.0,6.176266,-75.60887,,250000000.0,Images/235250.jpeg,https://www.redinmobiliariamls.com/itagi/las-americas/1/235250
1100000.0,325.0,3.0,La Florida,Medellín,2022-08-28,4.0,6.140665,-75.621677,3.0,1100000000.0,Images/235252.jpeg,https://www.redinmobiliariamls.com/medellin/la-florida/1/235252
832000.0,169.0,2.0,El Poblado,Medellín,2022-08-28,3.0,6.280576,-75.544176,2.0,800000000.0,Images/235253.jpeg,https://www.redinmobiliariamls.com/medellin/el-poblado/1/235253
,45.09,2.0,V. Fontibon ,Rionegro,2022-08-28,2.0,6.41394,-75.419813,1.0,267000000.0,Images/235254.jpeg,https://www.redinmobiliariamls.com/rionegro/v-fontibon-/1/235254
180000.0,53.15,2.0,La Tablaza,La Estrella,2022-08-28,2.0,6.121484,-75.634822,1.0,245000000.0,Images/235256.jpeg,https://www.redinmobiliariamls.com/la-estrella/la-tablaza/1/235256
290000.0,64.0,1.0,Sector Fizebad,El Retiro,2022-08-28,1.0,6.092264,-75.524386,1.0,530000000.0,Images/235258.jpeg,https://www.redinmobiliariamls.com/el-retiro/sector-fizebad/1/235258
,75.0,1.0,La Javeriana,Bogotá,2022-08-28,3.0,4.631242,-74.064504,0.0,554000000.0,Images/235259.jpeg,https://www.redinmobiliariamls.com/bogota/la-javeriana/1/235259
,85.0,2.0,Asdesillas,Sabaneta,2022-08-28,3.0,6.256602,-75.575637,0.0,364225000.0,Images/235260.jpeg,https://www.redinmobiliariamls.com/sabaneta/asdesillas/1/235260
,55.0,2.0,Asdesillas,Sabaneta,2022-08-28,2.0,6.256602,-75.575637,0.0,248310000.0,Images/235262.jpeg,https://www.redinmobiliariamls.com/sabaneta/asdesillas/1/235262
230000.0,66.09,2.0,Calasanz,Medellín,2022-08-28,3.0,6.247818,-75.573759,1.0,290000000.0,Images/235263.jpeg,https://www.redinmobiliariamls.com/medellin/calasanz/1/235263
,77.0,2.0,Asdesillas,Sabaneta,2022-08-28,3.0,6.256602,-75.575637,0.0,331100000.0,Images/235264.jpeg,https://www.redinmobiliariamls.com/sabaneta/asdesillas/1/235264
,82.0,3.0,Asdesillas,Sabaneta,2022-08-28,3.0,6.256602,-75.575637,0.0,358875000.0,Images/235265.jpeg,https://www.redinmobiliariamls.com/sabaneta/asdesillas/1/235265
,77.0,2.0,Asdesillas,Sabaneta,2022-08-28,3.0,6.256602,-75.575637,0.0,334950000.0,Images/235266.jpeg,https://www.redinmobiliariamls.com/sabaneta/asdesillas/1/235266
,92.0,4.0,Asdesillas,Sabaneta,2022-08-28,4.0,6.256602,-75.575637,0.0,400200000.0,Images/235267.jpeg,https://www.redinmobiliariamls.com/sabaneta/asdesillas/1/235267
158000.0,46.0,1.0,Suramericana,Medellín,2022-08-28,1.0,6.253774,-75.583773,1.0,311000000.0,Images/235268.jpeg,https://www.redinmobiliariamls.com/medellin/suramericana/1/235268
,49.0,2.0,Asdesillas,Sabaneta,2022-08-28,2.0,6.256602,-75.575637,0.0,227850000.0,Images/235269.jpeg,https://www.redinmobiliariamls.com/sabaneta/asdesillas/1/235269
,82.0,3.0,Asdesillas,Sabaneta,2022-08-28,3.0,6.256602,-75.575637,0.0,363000000.0,Images/235270.jpeg,https://www.redinmobiliariamls.com/sabaneta/asdesillas/1/235270
,84.0,2.0,Boston,Medellín,2022-08-09,4.0,6.253773,-75.558203,0.0,160000000.0,Images/235271.jpeg,https://www.redinmobiliariamls.com/medellin/boston/1/235271
326000.0,77.0,2.0,Laureles,Medellín,2022-08-28,2.0,6.246309,-75.598466,2.0,550000000.0,Images/235273.jpeg,https://www.redinmobiliariamls.com/medellin/laureles/1/235273
150000.0,54.0,2.0,V. Fontibon ,Rionegro,2022-08-28,2.0,6.256602,-75.575637,1.0,240000000.0,Images/235274.jpeg,https://www.redinmobiliariamls.com/rionegro/v-fontibon-/1/235274
390000.0,85.0,2.0,Sector Fizebad,El Retiro,2022-08-28,2.0,6.256602,-75.575637,2.0,740000000.0,Images/235277.jpeg,https://www.redinmobiliariamls.com/el-retiro/sector-fizebad/1/235277
350000.0,126.0,4.0,Loma de San Jose,Sabaneta,2022-08-28,3.0,6.143853,-75.616474,2.0,650000000.0,Images/235282.jpeg,https://www.redinmobiliariamls.com/sabaneta/loma-de-san-jose/1/235282
1060000.0,298.0,3.0,Loma Cola del Zorro,Medellín,2022-08-28,3.0,6.209226,-75.549587,4.0,2400000000.0,Images/235283.jpeg,https://www.redinmobiliariamls.com/medellin/loma-cola-del-zorro/1/235283
743000.0,161.0,3.0,San Lucas,Medellín,2022-08-28,3.0,6.184166,-75.566651,2.0,740000000.0,Images/235284.jpeg,https://www.redinmobiliariamls.com/medellin/san-lucas/1/235284
210000.0,55.65,2.0,Loma del Indio,Medellín,2022-08-28,3.0,6.143935,-75.607942,1.0,320000000.0,Images/235291.jpeg,https://www.redinmobiliariamls.com/medellin/loma-del-indio/1/235291
139999.0,51.72,1.0,Belén Rodeo Alto,Medellín,2022-08-28,3.0,6.297484,-75.576969,0.0,180000000.0,Images/235293.jpeg,https://www.redinmobiliariamls.com/medellin/belen-rodeo-alto/1/235293
890000.0,220.0,3.0,Alejandría,Medellín,2022-08-28,3.0,6.194827,-75.561079,3.0,1280000000.0,Images/235295.jpeg,https://www.redinmobiliariamls.com/medellin/alejandria/1/235295
235700.0,64.5,2.0,Centro,Itagüí,2022-08-28,3.0,6.171479,-75.60926,1.0,310000000.0,Images/235300.jpeg,https://www.redinmobiliariamls.com/itagi/centro/1/235300
310000.0,38.9,1.0,Patio Bonito,Medellín,2022-08-09,1.0,6.208158,-75.574292,1.0,370000000.0,Images/235301.jpeg,https://www.redinmobiliariamls.com/medellin/patio-bonito/1/235301
272000.0,75.62,2.0,La Pilarica,Medellín,2022-08-28,3.0,6.275184,-75.583413,1.0,360000000.0,Images/235303.jpeg,https://www.redinmobiliariamls.com/medellin/la-pilarica/1/235303
360000.0,60.0,2.0,Castropol,Medellín,2022-08-28,2.0,6.218868,-75.569446,1.0,455000000.0,Images/235304.jpeg,https://www.redinmobiliariamls.com/medellin/castropol/1/235304
477000.0,188.73,3.0,Centro,Medellín,2022-08-28,3.0,6.248628,-75.562767,1.0,450000000.0,Images/235307.jpeg,https://www.redinmobiliariamls.com/medellin/centro/1/235307
550000.0,129.0,2.0,Sector Fizebad,El Retiro,2022-08-28,2.0,6.256602,-75.575637,2.0,980000000.0,Images/235308.jpeg,https://www.redinmobiliariamls.com/el-retiro/sector-fizebad/1/235308
,77.0,2.0,Asdesillas,Sabaneta,2022-08-09,3.0,6.256602,-75.575637,0.0,338800000.0,Images/235309.jpeg,https://www.redinmobiliariamls.com/sabaneta/asdesillas/1/235309
,77.0,2.0,Asdesillas,Sabaneta,2022-08-28,3.0,6.256602,-75.575637,0.0,342650000.0,Images/235310.jpeg,https://www.redinmobiliariamls.com/sabaneta/asdesillas/1/235310
168000.0,61.0,1.0,Colinas del Sur,Itagüí,2022-08-28,3.0,6.256602,-75.575637,1.0,250000000.0,Images/235312.jpeg,https://www.redinmobiliariamls.com/itagi/colinas-del-sur/1/235312
,49.0,2.0,Asdesillas,Sabaneta,2022-08-28,2.0,6.256602,-75.575637,0.0,230300000.0,Images/235314.jpeg,https://www.redinmobiliariamls.com/sabaneta/asdesillas/1/235314
,82.0,3.0,Asdesillas,Sabaneta,2022-08-28,3.0,6.256602,-75.575637,0.0,371250000.0,Images/235315.jpeg,https://www.redinmobiliariamls.com/sabaneta/asdesillas/1/235315
212000.0,64.6,2.0,Las Antillas,Envigado,2022-08-28,3.0,6.153929,-75.589762,1.0,305000000.0,Images/235316.jpeg,https://www.redinmobiliariamls.com/envigado/las-antillas/1/235316
,77.0,2.0,Asdesillas,Sabaneta,2022-08-28,3.0,6.256602,-75.575637,0.0,346500000.0,Images/235317.jpeg,https://www.redinmobiliariamls.com/sabaneta/asdesillas/1/235317
320000.0,91.0,2.0,Castropol,Medellín,2022-08-28,3.0,6.216795,-75.566359,1.0,480000000.0,Images/235318.jpeg,https://www.redinmobiliariamls.com/medellin/castropol/1/235318
,49.0,2.0,Asdesillas,Sabaneta,2022-08-28,2.0,6.256602,-75.575637,0.0,232750000.0,Images/235319.jpeg,https://www.redinmobiliariamls.com/sabaneta/asdesillas/1/235319
,82.0,3.0,Asdesillas,Sabaneta,2022-08-28,3.0,6.256602,-75.575637,0.0,375375000.0,Images/235320.jpeg,https://www.redinmobiliariamls.com/sabaneta/asdesillas/1/235320
,77.0,2.0,Asdesillas,Sabaneta,2022-08-28,3.0,6.256602,-75.575637,0.0,350350000.0,Images/235321.jpeg,https://www.redinmobiliariamls.com/sabaneta/asdesillas/1/235321
,92.0,4.0,Asdesillas,Sabaneta,2022-08-28,4.0,6.256602,-75.575637,0.0,418000000.0,Images/235322.jpeg,https://www.redinmobiliariamls.com/sabaneta/asdesillas/1/235322
,182.0,4.0,Asdesillas,Sabaneta,2022-08-28,4.0,6.256602,-75.575637,0.0,690000000.0,Images/235323.jpeg,https://www.redinmobiliariamls.com/sabaneta/asdesillas/1/235323
299030.0,87.16,2.0,Toledo,La Estrella,2022-08-28,3.0,6.122016,-75.63887,1.0,430000000.0,Images/235324.jpeg,https://www.redinmobiliariamls.com/la-estrella/toledo/1/235324
193000.0,84.0,2.0,Corredor La Ceja - El Retiro,La Ceja,2022-08-09,2.0,6.113559,-75.348236,1.0,430000000.0,Images/235325.jpeg,https://www.redinmobiliariamls.com/la-ceja/corredor-la-ceja-el-retiro/1/235325
322000.0,74.8,2.0,La Pilarica,Medellín,2022-08-28,3.0,6.274571,-75.584319,1.0,350000000.0,Images/235329.jpeg,https://www.redinmobiliariamls.com/medellin/la-pilarica/1/235329
,70.0,2.0,Las Palmas,Medellín,2022-08-28,3.0,6.213221,-75.54615,1.0,476000000.0,Images/235330.jpeg,https://www.redinmobiliariamls.com/medellin/las-palmas/1/235330
503000.0,88.37,2.0,Centro Histórico de Bogotá,Bogotá,2022-08-28,1.0,4.596538,-74.071641,1.0,500000000.0,Images/235331.jpeg,https://www.redinmobiliariamls.com/bogota/centro-historico-de-bogota/1/235331
437000.0,125.2,2.0,Los Balsos Nº 1,Medellín,2022-08-28,3.0,6.193327,-75.566729,1.0,680000000.0,Images/235332.jpeg,https://www.redinmobiliariamls.com/medellin/los-balsos-n-1/1/235332
628000.0,193.0,2.0,La Aguacatala,Medellín,2022-08-28,3.0,6.222812,-75.569968,2.0,650000000.0,Images/235333.jpeg,https://www.redinmobiliariamls.com/medellin/la-aguacatala/1/235333
435000.0,118.3,2.0,Las Santas,Medellín,2022-08-28,3.0,6.206488,-75.559633,2.0,510000000.0,Images/235334.jpeg,https://www.redinmobiliariamls.com/medellin/las-santas/1/235334
625259.0,136.0,2.0,V. Los Salados,El Retiro,2022-08-28,2.0,6.060955,-75.502581,2.0,1050000000.0,Images/235337.jpeg,https://www.redinmobiliariamls.com/el-retiro/v-los-salados/1/235337
127000.0,58.0,2.0,Loma de San Jose,Sabaneta,2022-08-28,3.0,6.256602,-75.575637,0.0,230000000.0,Images/235338.jpeg,https://www.redinmobiliariamls.com/sabaneta/loma-de-san-jose/1/235338
121343.0,65.9,2.0,Corredor la Fe - El Retiro,El Retiro,2022-08-28,2.0,6.062198,-75.50202,1.0,420000000.0,Images/235340.jpeg,https://www.redinmobiliariamls.com/el-retiro/corredor-la-fe-el-retiro/1/235340
260000.0,79.0,2.0,El Poblado,Medellín,2022-08-28,3.0,6.256602,-75.575637,1.0,650000000.0,Images/235341.jpeg,https://www.redinmobiliariamls.com/medellin/el-poblado/1/235341
50000.0,53.6,2.0,Tranvía,Rionegro,2022-08-28,3.0,6.157603,-75.364593,1.0,245000000.0,Images/235345.jpeg,https://www.redinmobiliariamls.com/rionegro/tranvia/1/235345
230000.0,64.0,1.0,Loma del Indio,Medellín,2022-08-28,2.0,6.228423,-75.565432,1.0,310000000.0,Images/235346.jpeg,https://www.redinmobiliariamls.com/medellin/loma-del-indio/1/235346
,55.0,2.0,V. Maria Auxiliadora,Sabaneta,2022-08-28,2.0,6.256602,-75.575637,1.0,215000000.0,Images/235347.jpeg,https://www.redinmobiliariamls.com/sabaneta/v-maria-auxiliadora/1/235347
645800.0,182.48,3.0,Loma de Benedictinos,Envigado,2022-08-28,3.0,6.177334,-75.575423,3.0,1160000000.0,Images/235348.jpeg,https://www.redinmobiliariamls.com/envigado/loma-de-benedictinos/1/235348
406115.0,78.0,2.0,Loma de Cumbres,Envigado,2022-08-28,2.0,6.256602,-75.575637,2.0,440000000.0,Images/235350.jpeg,https://www.redinmobiliariamls.com/envigado/loma-de-cumbres/1/235350
576000.0,101.0,2.0,El Campestre,Medellín,2022-08-28,3.0,6.256602,-75.575637,1.0,498000000.0,Images/235352.jpeg,https://www.redinmobiliariamls.com/medellin/el-campestre/1/235352
290000.0,73.0,2.0,El Porvenir,Rionegro,2022-08-28,2.0,6.150823,-75.390188,1.0,400000000.0,Images/235353.jpeg,https://www.redinmobiliariamls.com/rionegro/el-porvenir/1/235353
220000.0,72.91,2.0,Ditaires,Itagüí,2022-08-28,3.0,6.16743,-75.631999,,350000000.0,Images/235354.jpeg,https://www.redinmobiliariamls.com/itagi/ditaires/1/235354
,43.0,2.0,Rural,San Antonio de Prado,2022-08-28,2.0,6.1767,-75.642663,0.0,120000000.0,Images/235356.jpeg,https://www.redinmobiliariamls.com/san-antonio-de-prado/rural/1/235356
126000.0,51.0,2.0,Urbano,San Antonio de Prado,2022-08-28,3.0,6.168041,-75.648803,0.0,150000000.0,Images/235358.jpeg,https://www.redinmobiliariamls.com/san-antonio-de-prado/urbano/1/235358
226700.0,65.45,2.0,Niquia,Bello,2022-08-28,3.0,6.336906,-75.549988,1.0,280000000.0,Images/235359.jpeg,https://www.redinmobiliariamls.com/bello/niquia/1/235359
360000.0,110.0,2.0,El Chocho,Envigado,2022-08-28,3.0,6.167459,-75.578371,2.0,675000000.0,Images/235360.jpeg,https://www.redinmobiliariamls.com/envigado/el-chocho/1/235360
148000.0,71.18,1.0,Buenos Aires,Medellín,2022-08-28,3.0,6.239347,-75.547346,0.0,295000000.0,Images/235361.jpeg,https://www.redinmobiliariamls.com/medellin/buenos-aires/1/235361
279900.0,87.0,2.0,Villas del Carmen,Sabaneta,2022-08-28,3.0,6.155124,-75.606954,1.0,390000000.0,Images/235363.jpeg,https://www.redinmobiliariamls.com/sabaneta/villas-del-carmen/1/235363
,292.0,6.0,Santa Maria de los Angeles,Medellín,2022-08-28,5.0,6.187587,-75.57842,1.0,1300000000.0,Images/235368.jpeg,https://www.redinmobiliariamls.com/medellin/santa-maria-de-los-angeles/1/235368
233000.0,100.0,3.0,Laureles,Medellín,2022-08-28,3.0,6.256602,-75.575637,1.0,620000000.0,Images/235369.jpeg,https://www.redinmobiliariamls.com/medellin/laureles/1/235369
221100.0,74.7,2.0,Calasanz,Medellín,2022-08-09,3.0,6.26428,-75.603327,1.0,350000000.0,Images/235374.jpeg,https://www.redinmobiliariamls.com/medellin/calasanz/1/235374
432000.0,115.0,2.0,Nogal,Medellín,2022-08-28,3.0,6.238403,-75.600279,1.0,545000000.0,Images/235377.jpeg,https://www.redinmobiliariamls.com/medellin/nogal/1/235377
130000.0,51.0,2.0,Robledo,Medellín,2022-08-28,3.0,6.285643,-75.610017,1.0,178000000.0,Images/235378.jpeg,https://www.redinmobiliariamls.com/medellin/robledo/1/235378
418000.0,68.0,2.0,La Herradura,Melgar,2022-08-28,3.0,4.607731,-74.070695,1.0,265000000.0,Images/235379.jpeg,https://www.redinmobiliariamls.com/melgar/la-herradura/1/235379
300000.0,63.0,1.0,Las Palmas,Medellín,2022-08-28,1.0,6.256602,-75.575637,1.0,440000000.0,Images/235381.jpeg,https://www.redinmobiliariamls.com/medellin/las-palmas/1/235381
495000.0,190.0,3.0,Loma de Las Brujas,Envigado,2022-08-28,3.0,6.166377,-75.58206,3.0,1320000000.0,Images/235387.jpeg,https://www.redinmobiliariamls.com/envigado/loma-de-las-brujas/1/235387
400000.0,91.0,2.0,El Esmeraldal,Envigado,2022-08-28,2.0,6.175092,-75.573325,1.0,510000000.0,Images/235389.jpeg,https://www.redinmobiliariamls.com/envigado/el-esmeraldal/1/235389
190000.0,73.5,2.0,San José Obrero,Bello,2022-08-09,3.0,6.324725,-75.560145,1.0,370000000.0,Images/235390.jpeg,https://www.redinmobiliariamls.com/bello/san-jose-obrero/1/235390
,70.0,2.0,Belén,Medellín,2022-08-28,2.0,6.256602,-75.575637,0.0,235000000.0,Images/235393.jpeg,https://www.redinmobiliariamls.com/medellin/belen/1/235393
452000.0,81.29,2.0,Nogal,Medellín,2022-08-28,3.0,6.238092,-75.599734,1.0,395000000.0,Images/235398.jpeg,https://www.redinmobiliariamls.com/medellin/nogal/1/235398
433000.0,82.0,2.0,Camino Verde,Envigado,2022-08-28,3.0,6.154653,-75.575271,1.0,390000000.0,Images/235399.jpeg,https://www.redinmobiliariamls.com/envigado/camino-verde/1/235399
140000.0,55.0,2.0,Santa María No 3,Itagüí,2022-08-28,3.0,6.256602,-75.575637,1.0,239000000.0,Images/235400.jpeg,https://www.redinmobiliariamls.com/itagi/santa-maria-no-3/1/235400
,160.0,2.0,Miravalle,Medellín,2022-08-28,4.0,6.235619,-75.599855,1.0,620000000.0,Images/235401.jpeg,https://www.redinmobiliariamls.com/medellin/miravalle/1/235401
225000.0,50.0,1.0,Lalinde,Medellín,2022-08-09,1.0,6.214087,-75.564623,1.0,500000000.0,Images/235405.jpeg,https://www.redinmobiliariamls.com/medellin/lalinde/1/235405
190000.0,73.5,2.0,San José Obrero,Bello,2022-08-28,3.0,6.324725,-75.560145,1.0,370000000.0,Images/235406.jpeg,https://www.redinmobiliariamls.com/bello/san-jose-obrero/1/235406
219400.0,52.18,2.0,San Germán,Medellín,2022-08-28,2.0,6.258359,-75.563115,1.0,310000000.0,Images/235408.jpeg,https://www.redinmobiliariamls.com/medellin/san-german/1/235408
813000.0,178.0,4.0,El Tesoro,Medellín,2022-08-28,3.0,6.202279,-75.556335,2.0,880000000.0,Images/235415.jpeg,https://www.redinmobiliariamls.com/medellin/el-tesoro/1/235415
245400.0,51.07,1.0,Lalinde,Medellín,2022-08-28,1.0,6.21313,-75.563854,1.0,380000000.0,Images/235416.jpeg,https://www.redinmobiliariamls.com/medellin/lalinde/1/235416
225000.0,69.0,2.0,Loma del Indio,Medellín,2022-08-09,2.0,6.225816,-75.562558,1.0,380000000.0,Images/235421.jpeg,https://www.redinmobiliariamls.com/medellin/loma-del-indio/1/235421
345500.0,98.5,2.0,Prados de Sabaneta,Sabaneta,2022-08-28,3.0,6.14589,-75.622157,2.0,502000000.0,Images/235422.jpeg,https://www.redinmobiliariamls.com/sabaneta/prados-de-sabaneta/1/235422
350000.0,105.0,4.0,La Inmaculada,Envigado,2022-08-28,3.0,6.170407,-75.57575,2.0,598000000.0,Images/235428.jpeg,https://www.redinmobiliariamls.com/envigado/la-inmaculada/1/235428
820000.0,213.0,3.0,Alejandría,Medellín,2022-08-28,3.0,6.198529,-75.569613,2.0,950000000.0,Images/235430.jpeg,https://www.redinmobiliariamls.com/medellin/alejandria/1/235430
420000.0,111.0,2.0,Belén,Medellín,2022-08-28,3.0,6.256602,-75.575637,1.0,450000000.0,Images/235432.jpeg,https://www.redinmobiliariamls.com/medellin/belen/1/235432
880969.0,102.0,2.0,Loma de los Parra,Medellín,2022-08-09,2.0,6.202654,-75.56981,2.0,630000000.0,Images/235433.jpeg,https://www.redinmobiliariamls.com/medellin/loma-de-los-parra/1/235433
600000.0,123.0,2.0,V. Las Palmas,El Retiro,2022-08-28,2.0,6.060955,-75.502581,1.0,969000000.0,Images/235434.jpeg,https://www.redinmobiliariamls.com/el-retiro/v-las-palmas/1/235434
635000.0,198.0,4.0,La Calera,Medellín,2022-08-28,3.0,6.201285,-75.557999,2.0,2000000000.0,Images/235435.jpeg,https://www.redinmobiliariamls.com/medellin/la-calera/1/235435
754000.0,257.0,4.0,La Calera,Medellín,2022-08-28,3.0,6.198382,-75.552768,3.0,1580000000.0,Images/235436.jpeg,https://www.redinmobiliariamls.com/medellin/la-calera/1/235436
169100.0,65.53,2.0,Madera,Bello,2022-08-28,3.0,6.317037,-75.553427,1.0,255000000.0,Images/235440.jpeg,https://www.redinmobiliariamls.com/bello/madera/1/235440
231500.0,80.0,2.0,El Tesoro,Medellín,2022-08-28,2.0,6.200114,-75.559237,1.0,530000000.0,Images/235448.jpeg,https://www.redinmobiliariamls.com/medellin/el-tesoro/1/235448
231500.0,80.0,2.0,El Tesoro,Medellín,2022-08-28,2.0,6.200114,-75.559237,1.0,530000000.0,Images/235449.jpeg,https://www.redinmobiliariamls.com/medellin/el-tesoro/1/235449
231500.0,80.0,2.0,El Tesoro,Medellín,2022-08-28,2.0,6.200114,-75.559237,1.0,530000000.0,Images/235450.jpeg,https://www.redinmobiliariamls.com/medellin/el-tesoro/1/235450
231500.0,80.0,2.0,El Tesoro,Medellín,2022-08-28,2.0,6.200114,-75.559237,1.0,530000000.0,Images/235451.jpeg,https://www.redinmobiliariamls.com/medellin/el-tesoro/1/235451
205000.0,55.29,2.0,Viviendas del Sur,Itagüí,2022-08-28,2.0,6.195835,-75.597358,1.0,230000000.0,Images/235452.jpeg,https://www.redinmobiliariamls.com/itagi/viviendas-del-sur/1/235452
231500.0,80.0,2.0,El Tesoro,Medellín,2022-08-28,2.0,6.200114,-75.559237,1.0,530000000.0,Images/235454.jpeg,https://www.redinmobiliariamls.com/medellin/el-tesoro/1/235454
231500.0,80.0,2.0,El Tesoro,Medellín,2022-08-28,2.0,6.200114,-75.559237,1.0,530000000.0,Images/235455.jpeg,https://www.redinmobiliariamls.com/medellin/el-tesoro/1/235455
231500.0,80.0,2.0,El Tesoro,Medellín,2022-08-28,2.0,6.200114,-75.559237,1.0,530000000.0,Images/235456.jpeg,https://www.redinmobiliariamls.com/medellin/el-tesoro/1/235456
327000.0,80.0,2.0,El Tesoro,Medellín,2022-08-28,2.0,6.200114,-75.559237,1.0,530000000.0,Images/235457.jpeg,https://www.redinmobiliariamls.com/medellin/el-tesoro/1/235457
404000.0,80.0,2.0,El Tesoro,Medellín,2022-08-28,2.0,6.200114,-75.559237,1.0,530000000.0,Images/235458.jpeg,https://www.redinmobiliariamls.com/medellin/el-tesoro/1/235458
540000.0,119.19,2.0,La Abadía,Envigado,2022-08-28,2.0,6.181476,-75.576772,2.0,590000000.0,Images/235461.jpeg,https://www.redinmobiliariamls.com/envigado/la-abadia/1/235461
682000.0,210.0,4.0,Centro,Medellín,2022-08-28,3.0,6.248275,-75.56237,1.0,530000000.0,Images/235463.jpeg,https://www.redinmobiliariamls.com/medellin/centro/1/235463
400000.0,123.08,2.0,Loma de los Mesa,Envigado,2022-08-28,2.0,6.169763,-75.569676,2.0,845000000.0,Images/235464.jpeg,https://www.redinmobiliariamls.com/envigado/loma-de-los-mesa/1/235464
700000.0,256.0,4.0,Loma Los Gonzalez,Medellín,2022-08-28,3.0,6.256602,-75.575637,2.0,1500000000.0,Images/235465.jpeg,https://www.redinmobiliariamls.com/medellin/loma-los-gonzalez/1/235465
214000.0,76.82,2.0,Viviendas del Sur,Itagüí,2022-08-28,3.0,6.196053,-75.59555,,380000000.0,Images/235467.jpeg,https://www.redinmobiliariamls.com/itagi/viviendas-del-sur/1/235467
430000.0,93.0,2.0,Castropol,Medellín,2022-08-28,2.0,6.220388,-75.567632,2.0,906000000.0,Images/235468.jpeg,https://www.redinmobiliariamls.com/medellin/castropol/1/235468
325800.0,83.4,2.0,Loma de San Julian,Medellín,2022-08-28,3.0,6.22514,-75.568178,1.0,390000000.0,Images/235469.jpeg,https://www.redinmobiliariamls.com/medellin/loma-de-san-julian/1/235469
503600.0,139.0,3.0,Loma de Las Brujas,Envigado,2022-08-28,3.0,6.256602,-75.575637,2.0,920000000.0,Images/235470.jpeg,https://www.redinmobiliariamls.com/envigado/loma-de-las-brujas/1/235470
320000.0,92.0,2.0,Loma de Las Brujas,Envigado,2022-08-09,3.0,6.256602,-75.575637,2.0,490000000.0,Images/235471.jpeg,https://www.redinmobiliariamls.com/envigado/loma-de-las-brujas/1/235471
80000.0,90.0,3.0,Belén,Medellín,2022-08-28,3.0,6.256602,-75.575637,1.0,317000000.0,Images/235472.jpeg,https://www.redinmobiliariamls.com/medellin/belen/1/235472
295000.0,117.0,2.0,Aves Marías,Sabaneta,2022-08-28,3.0,6.14527,-75.608877,1.0,525000000.0,Images/235473.jpeg,https://www.redinmobiliariamls.com/sabaneta/aves-marias/1/235473
297414.0,66.8,2.0,Loma de San Julian,Medellín,2022-08-09,3.0,6.224415,-75.567288,1.0,330000000.0,Images/235474.jpeg,https://www.redinmobiliariamls.com/medellin/loma-de-san-julian/1/235474
305000.0,67.0,1.0,El Tesoro,Medellín,2022-08-28,1.0,6.190944,-75.563428,1.0,550000000.0,Images/235475.jpeg,https://www.redinmobiliariamls.com/medellin/el-tesoro/1/235475
298000.0,73.19,2.0,Castropol,Medellín,2022-08-28,2.0,6.220843,-75.568878,1.0,570000000.0,Images/235476.jpeg,https://www.redinmobiliariamls.com/medellin/castropol/1/235476
377000.0,139.0,4.0,Loma de San Jose,Sabaneta,2022-08-28,3.0,6.141716,-75.618434,2.0,650000000.0,Images/235478.jpeg,https://www.redinmobiliariamls.com/sabaneta/loma-de-san-jose/1/235478
1280000.0,424.0,5.0,Provenza,Medellín,2022-08-28,4.0,1.216537,-77.293332,3.0,3650000000.0,Images/235481.jpeg,https://www.redinmobiliariamls.com/medellin/provenza/1/235481
500000.0,182.36,5.0,Loma de Las Brujas,Envigado,2022-08-28,4.0,6.167286,-75.583696,3.0,1270000000.0,Images/235483.jpeg,https://www.redinmobiliariamls.com/envigado/loma-de-las-brujas/1/235483
973000.0,180.0,3.0,Los Balsos Nº 1,Medellín,2022-08-28,3.0,6.185515,-75.557955,2.0,1300000000.0,Images/235485.jpeg,https://www.redinmobiliariamls.com/medellin/los-balsos-n-1/1/235485
134510.0,52.81,2.0,Santa Ana,Bello,2022-08-09,3.0,6.338035,-75.541607,1.0,205000000.0,Images/235487.jpeg,https://www.redinmobiliariamls.com/bello/santa-ana/1/235487
270000.0,101.0,2.0,La Palma,Medellín,2022-08-28,3.0,6.256602,-75.575637,1.0,364000000.0,Images/235489.jpeg,https://www.redinmobiliariamls.com/medellin/la-palma/1/235489
206000.0,71.65,2.0,V. Las Lomitas,Sabaneta,2022-08-28,3.0,6.256602,-75.575637,1.0,345000000.0,Images/235491.jpeg,https://www.redinmobiliariamls.com/sabaneta/v-las-lomitas/1/235491
311500.0,71.5,2.0,La Inmaculada,Envigado,2022-08-09,3.0,6.167346,-75.573329,1.0,345000000.0,Images/235492.jpeg,https://www.redinmobiliariamls.com/envigado/la-inmaculada/1/235492
173400.0,58.0,2.0,Las Lomitas,Sabaneta,2022-08-28,2.0,6.256602,-75.575637,1.0,299000000.0,Images/235494.jpeg,https://www.redinmobiliariamls.com/sabaneta/las-lomitas/1/235494
610000.0,137.0,3.0,Santa Maria de los Angeles,Medellín,2022-08-28,3.0,6.190924,-75.579101,2.0,890000000.0,Images/235495.jpeg,https://www.redinmobiliariamls.com/medellin/santa-maria-de-los-angeles/1/235495
370000.0,107.61,2.0,El Dorado,Envigado,2022-08-28,3.0,6.167167,-75.588444,2.0,720000000.0,Images/235496.jpeg,https://www.redinmobiliariamls.com/envigado/el-dorado/1/235496
881350.0,280.0,6.0,Patio Bonito,Medellín,2022-08-28,6.0,6.256602,-75.575637,2.0,1500000000.0,Images/235497.jpeg,https://www.redinmobiliariamls.com/medellin/patio-bonito/1/235497
928000.0,255.0,3.0,Los Balsos Nº 1,Medellín,2022-08-28,3.0,6.256602,-75.575637,2.0,960000000.0,Images/235503.jpeg,https://www.redinmobiliariamls.com/medellin/los-balsos-n-1/1/235503
460000.0,136.0,3.0,Aves Marías,Sabaneta,2022-08-28,3.0,6.145416,-75.610586,2.0,700000000.0,Images/235506.jpeg,https://www.redinmobiliariamls.com/sabaneta/aves-marias/1/235506
247000.0,86.0,2.0,Aves Marías,Sabaneta,2022-08-28,2.0,6.147482,-75.612803,1.0,437468000.0,Images/235507.jpeg,https://www.redinmobiliariamls.com/sabaneta/aves-marias/1/235507
231500.0,86.0,2.0,El Tesoro,Medellín,2022-08-09,2.0,6.200114,-75.559237,1.0,570000000.0,Images/235508.jpeg,https://www.redinmobiliariamls.com/medellin/el-tesoro/1/235508
98000.0,55.0,2.0,San Gabriel,Itagüí,2022-08-28,3.0,6.256602,-75.575637,0.0,180000000.0,Images/235509.jpeg,https://www.redinmobiliariamls.com/itagi/san-gabriel/1/235509
309000.0,85.05,2.0,Castropol,Medellín,2022-08-28,2.0,6.215327,-75.567154,1.0,450000000.0,Images/235510.jpeg,https://www.redinmobiliariamls.com/medellin/castropol/1/235510
179300.0,66.29,2.0,Santa Ana,Bello,2022-08-28,3.0,6.325669,-75.564261,1.0,295000000.0,Images/235511.jpeg,https://www.redinmobiliariamls.com/bello/santa-ana/1/235511
240183.0,79.0,2.0,V. Ojo de Agua,Rionegro,2022-08-28,3.0,4.633139,-74.1064,1.0,450000000.0,Images/235512.jpeg,https://www.redinmobiliariamls.com/rionegro/v-ojo-de-agua/1/235512
125000.0,51.0,2.0,V. Maria Auxiliadora,Sabaneta,2022-08-09,3.0,6.256602,-75.575637,0.0,190000000.0,Images/235513.jpeg,https://www.redinmobiliariamls.com/sabaneta/v-maria-auxiliadora/1/235513
722203.0,102.46,2.0,El Campestre,Medellín,2022-08-28,3.0,6.183969,-75.571327,2.0,480000000.0,Images/235514.jpeg,https://www.redinmobiliariamls.com/medellin/el-campestre/1/235514
230000.0,100.0,2.0,Las Lomas Nº 1,Medellín,2022-08-28,2.0,6.256602,-75.575637,2.0,450000000.0,Images/235518.jpeg,https://www.redinmobiliariamls.com/medellin/las-lomas-n-1/1/235518
600000.0,292.0,5.0,Loma del Escobero,Envigado,2022-08-28,4.0,6.171891,-75.573769,,3600000000.0,Images/235519.jpeg,https://www.redinmobiliariamls.com/envigado/loma-del-escobero/1/235519
707000.0,127.55,3.0,Castropol,Medellín,2022-08-28,3.0,6.213772,-75.567379,2.0,930000000.0,Images/235521.jpeg,https://www.redinmobiliariamls.com/medellin/castropol/1/235521
216000.0,72.0,2.0,Payuco,La Ceja,2022-08-28,2.0,6.02265,-75.429321,1.0,280000000.0,Images/235522.jpeg,https://www.redinmobiliariamls.com/la-ceja/payuco/1/235522
,49.0,1.0,Urbano,San Antonio de Prado,2022-08-28,2.0,6.256602,-75.575637,0.0,125000000.0,Images/235523.jpeg,https://www.redinmobiliariamls.com/san-antonio-de-prado/urbano/1/235523
,62.0,2.0,Centro,Itagüí,2022-08-28,2.0,6.182048,-75.607555,1.0,290000000.0,Images/235524.jpeg,https://www.redinmobiliariamls.com/itagi/centro/1/235524
220000.0,60.0,2.0,San Antonio de Pereira,Rionegro,2022-08-28,2.0,6.130281,-75.379827,1.0,450000000.0,Images/235525.jpeg,https://www.redinmobiliariamls.com/rionegro/san-antonio-de-pereira/1/235525
247000.0,68.0,2.0,Altos del Poblado,Medellín,2022-08-28,2.0,6.256602,-75.575637,1.0,440000000.0,Images/235526.jpeg,https://www.redinmobiliariamls.com/medellin/altos-del-poblado/1/235526
297000.0,86.98,2.0,Ditaires,Itagüí,2022-08-28,3.0,6.169276,-75.629015,1.0,455000000.0,Images/235527.jpeg,https://www.redinmobiliariamls.com/itagi/ditaires/1/235527
110000.0,52.0,2.0,María Auxiliadora,Sabaneta,2022-08-28,3.0,6.152011,-75.601593,0.0,210000000.0,Images/235529.jpeg,https://www.redinmobiliariamls.com/sabaneta/maria-auxiliadora/1/235529
145000.0,57.0,2.0,Vía Condina,Pereira,2022-08-28,3.0,4.792447,-75.754043,1.0,190000000.0,Images/235530.jpeg,https://www.redinmobiliariamls.com/pereira/via-condina/1/235530
227235.0,72.81,2.0,V. Cañaveralejo,Sabaneta,2022-08-28,3.0,6.144011,-75.621381,1.0,335000000.0,Images/235533.jpeg,https://www.redinmobiliariamls.com/sabaneta/v-canaveralejo/1/235533
281300.0,63.53,2.0,La Inmaculada,Envigado,2022-08-28,3.0,6.171468,-75.575952,1.0,310000000.0,Images/235535.jpeg,https://www.redinmobiliariamls.com/envigado/la-inmaculada/1/235535
140000.0,60.0,2.0,La Ferreria,La Estrella,2022-08-28,2.0,6.256602,-75.575637,1.0,255000000.0,Images/235538.jpeg,https://www.redinmobiliariamls.com/la-estrella/la-ferreria/1/235538
256500.0,57.0,2.0,Centro,El Retiro,2022-08-28,2.0,6.256602,-75.575637,1.0,450000000.0,Images/235539.jpeg,https://www.redinmobiliariamls.com/el-retiro/centro/1/235539
1144100.0,325.86,3.0,La Florida,Medellín,2022-08-28,3.0,6.206925,-75.569812,4.0,1150000000.0,Images/235540.jpeg,https://www.redinmobiliariamls.com/medellin/la-florida/1/235540
168000.0,69.0,2.0,Belencito,Medellín,2022-08-28,3.0,6.256602,-75.575637,0.0,280000000.0,Images/235541.jpeg,https://www.redinmobiliariamls.com/medellin/belencito/1/235541
320000.0,70.85,2.0,Loma de Cumbres,Envigado,2022-08-28,2.0,6.17221,-75.574753,1.0,390000000.0,Images/235542.jpeg,https://www.redinmobiliariamls.com/envigado/loma-de-cumbres/1/235542
,81.0,3.0,Parque Obrero,Itagüí,2022-08-28,3.0,6.256602,-75.575637,0.0,235000000.0,Images/235545.jpeg,https://www.redinmobiliariamls.com/itagi/parque-obrero/1/235545
,81.0,3.0,Parque Obrero,Itagüí,2022-08-28,3.0,6.256602,-75.575637,0.0,235000000.0,Images/235548.jpeg,https://www.redinmobiliariamls.com/itagi/parque-obrero/1/235548
,56.83,2.0,V. Barro Blanco,Rionegro,2022-08-28,2.0,6.256602,-75.575637,1.0,342000000.0,Images/235552.jpeg,https://www.redinmobiliariamls.com/rionegro/v-barro-blanco/1/235552
550000.0,82.0,2.0,Laureles,Medellín,2022-08-28,1.0,6.242202,-75.592802,1.0,660000000.0,Images/235553.jpeg,https://www.redinmobiliariamls.com/medellin/laureles/1/235553
615000.0,151.0,3.0,Laureles,Medellín,2022-08-28,3.0,6.239816,-75.593485,2.0,835000000.0,Images/235554.jpeg,https://www.redinmobiliariamls.com/medellin/laureles/1/235554
,46.0,1.0,Urbano,San Antonio de Prado,2022-08-28,2.0,6.256602,-75.575637,0.0,140000000.0,Images/235556.jpeg,https://www.redinmobiliariamls.com/san-antonio-de-prado/urbano/1/235556
350000.0,84.0,2.0,El Esmeraldal,Envigado,2022-08-28,2.0,6.172174,-75.568323,2.0,480000000.0,Images/235559.jpeg,https://www.redinmobiliariamls.com/envigado/el-esmeraldal/1/235559
100000.0,97.0,2.0,Alcalá,Envigado,2022-08-28,3.0,6.170575,-75.591414,1.0,555000000.0,Images/235562.jpeg,https://www.redinmobiliariamls.com/envigado/alcala/1/235562
200000.0,80.0,2.0,Loma de San Jose,Sabaneta,2022-08-28,3.0,6.143356,-75.618876,1.0,420000000.0,Images/235563.jpeg,https://www.redinmobiliariamls.com/sabaneta/loma-de-san-jose/1/235563
159600.0,67.0,2.0,Belén,Medellín,2022-08-09,3.0,6.229562,-75.608272,0.0,275000000.0,Images/235565.jpeg,https://www.redinmobiliariamls.com/medellin/belen/1/235565
463000.0,126.0,2.0,Provenza,Medellín,2022-08-28,3.0,6.205673,-75.568778,1.0,650000000.0,Images/235566.jpeg,https://www.redinmobiliariamls.com/medellin/provenza/1/235566
360000.0,83.0,2.0,La Visitación,Medellín,2022-08-28,3.0,6.200438,-75.562626,1.0,379000000.0,Images/235567.jpeg,https://www.redinmobiliariamls.com/medellin/la-visitacion/1/235567
231500.0,51.4,1.0,El Tesoro,Medellín,2022-08-28,1.0,6.200114,-75.559237,1.0,400000000.0,Images/235568.jpeg,https://www.redinmobiliariamls.com/medellin/el-tesoro/1/235568
284000.0,83.0,2.0,Alameda,Medellín,2022-08-28,3.0,6.236598,-75.594323,1.0,580000000.0,Images/235570.jpeg,https://www.redinmobiliariamls.com/medellin/alameda/1/235570
140000.0,76.0,2.0,Las Acacias,Itagüí,2022-08-28,3.0,6.256602,-75.575637,0.0,225000000.0,Images/235576.jpeg,https://www.redinmobiliariamls.com/itagi/las-acacias/1/235576
465000.0,140.0,2.0,Las Santas,Medellín,2022-08-28,3.0,6.249323,-75.55038,1.0,545000000.0,Images/235577.jpeg,https://www.redinmobiliariamls.com/medellin/las-santas/1/235577
690000.0,154.6,3.0,Las Palmas,Medellín,2022-08-28,3.0,6.21735,-75.556941,2.0,850000000.0,Images/235578.jpeg,https://www.redinmobiliariamls.com/medellin/las-palmas/1/235578
290000.0,95.8,2.0,San José Obrero,Bello,2022-08-28,3.0,6.324805,-75.560463,2.0,510000000.0,Images/235579.jpeg,https://www.redinmobiliariamls.com/bello/san-jose-obrero/1/235579
884200.0,147.0,2.0,El Campestre,Medellín,2022-08-28,3.0,6.184431,-75.567134,1.0,1050000000.0,Images/235580.jpeg,https://www.redinmobiliariamls.com/medellin/el-campestre/1/235580
437600.0,69.0,1.0,Loma Cola del Zorro,Medellín,2022-08-28,1.0,6.256602,-75.575637,1.0,680000000.0,Images/235581.jpeg,https://www.redinmobiliariamls.com/medellin/loma-cola-del-zorro/1/235581
145000.0,54.1,2.0,San José Obrero,Bello,2022-08-28,2.0,6.325745,-75.559738,1.0,300000000.0,Images/235582.jpeg,https://www.redinmobiliariamls.com/bello/san-jose-obrero/1/235582
350000.0,130.0,3.0,Malibú,Medellín,2022-08-28,3.0,6.235972,-75.590117,1.0,650000000.0,Images/235586.jpeg,https://www.redinmobiliariamls.com/medellin/malibu/1/235586
250000.0,95.0,2.0,San José Obrero,Bello,2022-08-28,3.0,6.324805,-75.560463,1.0,500000000.0,Images/235587.jpeg,https://www.redinmobiliariamls.com/bello/san-jose-obrero/1/235587
750000.0,205.54,3.0,Las Santas,Medellín,2022-08-09,3.0,6.206549,-75.557892,3.0,1299000000.0,Images/235588.jpeg,https://www.redinmobiliariamls.com/medellin/las-santas/1/235588
120000.0,48.72,1.0,Santa Ana,Bello,2022-08-28,3.0,6.327955,-75.567485,0.0,208000000.0,Images/235589.jpeg,https://www.redinmobiliariamls.com/bello/santa-ana/1/235589
120000.0,48.72,1.0,Santa Ana,Bello,2022-08-28,3.0,6.327955,-75.567485,0.0,208000000.0,Images/235590.jpeg,https://www.redinmobiliariamls.com/bello/santa-ana/1/235590
169176.0,67.0,2.0,Belencito,Medellín,2022-08-28,3.0,6.256602,-75.575637,0.0,265000000.0,Images/235591.jpeg,https://www.redinmobiliariamls.com/medellin/belencito/1/235591
560000.0,178.0,3.0,La Calera,Medellín,2022-08-28,3.0,6.201285,-75.557999,2.0,1760000000.0,Images/235594.jpeg,https://www.redinmobiliariamls.com/medellin/la-calera/1/235594
438000.0,136.0,2.0,Las Santas,Medellín,2022-08-28,3.0,6.249323,-75.55038,2.0,540000000.0,Images/235595.jpeg,https://www.redinmobiliariamls.com/medellin/las-santas/1/235595
170000.0,58.0,2.0,Urbano (La Ceja),La Ceja,2022-08-28,2.0,6.028408,-75.425605,1.0,265000000.0,Images/235596.jpeg,https://www.redinmobiliariamls.com/la-ceja/urbano-la-ceja/1/235596
,285.0,5.0,La Calera,Medellín,2022-08-28,4.0,6.199262,-75.552384,3.0,2479000000.0,Images/235597.jpeg,https://www.redinmobiliariamls.com/medellin/la-calera/1/235597
550000.0,82.0,2.0,Laureles,Medellín,2022-08-28,2.0,6.241734,-75.592825,1.0,660000000.0,Images/235599.jpeg,https://www.redinmobiliariamls.com/medellin/laureles/1/235599
550000.0,82.0,2.0,Laureles,Medellín,2022-08-28,2.0,6.247771,-75.598224,1.0,660000000.0,Images/235601.jpeg,https://www.redinmobiliariamls.com/medellin/laureles/1/235601
256000.0,74.0,2.0,Toledo,La Estrella,2022-08-28,1.0,6.256602,-75.575637,1.0,420000000.0,Images/235602.jpeg,https://www.redinmobiliariamls.com/la-estrella/toledo/1/235602
257570.0,74.14,2.0,Toledo,La Estrella,2022-08-28,3.0,6.165141,-75.632857,1.0,375000000.0,Images/235605.jpeg,https://www.redinmobiliariamls.com/la-estrella/toledo/1/235605
160000.0,64.0,2.0,Autopista (Marinilla),Marinilla,2022-08-28,2.0,6.165472,-75.325999,1.0,248000000.0,Images/235606.jpeg,https://www.redinmobiliariamls.com/marinilla/autopista-marinilla/1/235606
160000.0,63.35,2.0,Manchester,Bello,2022-08-28,3.0,6.33148,-75.554712,0.0,240000000.0,Images/235608.jpeg,https://www.redinmobiliariamls.com/bello/manchester/1/235608
230500.0,80.0,2.0,La Doctora,Sabaneta,2022-08-28,3.0,6.256602,-75.575637,1.0,350000000.0,Images/235609.jpeg,https://www.redinmobiliariamls.com/sabaneta/la-doctora/1/235609
200000.0,64.0,2.0,V. Ojo de Agua,Rionegro,2022-08-09,2.0,6.138433,-75.371228,1.0,320000000.0,Images/235610.jpeg,https://www.redinmobiliariamls.com/rionegro/v-ojo-de-agua/1/235610
,55.0,2.0,Autopista (Marinilla),Marinilla,2022-08-28,2.0,6.178571,-75.360343,1.0,312000000.0,Images/235611.jpeg,https://www.redinmobiliariamls.com/marinilla/autopista-marinilla/1/235611
,58.41,1.0,Las Palmas,Medellín,2022-08-28,3.0,6.239037,-75.568053,0.0,200000000.0,Images/235612.jpeg,https://www.redinmobiliariamls.com/medellin/las-palmas/1/235612
100400.0,48.0,2.0,Villaloma,San Antonio de Prado,2022-08-28,3.0,6.256602,-75.575637,0.0,105000000.0,Images/235615.jpeg,https://www.redinmobiliariamls.com/san-antonio-de-prado/villaloma/1/235615
155100.0,54.0,2.0,Perez,Bello,2022-08-28,2.0,6.256602,-75.575637,1.0,142000000.0,Images/235617.jpeg,https://www.redinmobiliariamls.com/bello/perez/1/235617
155100.0,54.0,2.0,Perez,Bello,2022-08-28,2.0,6.256602,-75.575637,1.0,142000000.0,Images/235620.jpeg,https://www.redinmobiliariamls.com/bello/perez/1/235620
155100.0,54.0,2.0,Perez,Bello,2022-08-28,2.0,6.256602,-75.575637,1.0,142000000.0,Images/235622.jpeg,https://www.redinmobiliariamls.com/bello/perez/1/235622
155100.0,54.0,2.0,Perez,Bello,2022-08-28,2.0,6.256602,-75.575637,1.0,142000000.0,Images/235623.jpeg,https://www.redinmobiliariamls.com/bello/perez/1/235623
780000.0,135.0,5.0,Santa Maria de los Angeles,Medellín,2022-08-09,3.0,6.256602,-75.575637,2.0,760000000.0,Images/235624.jpeg,https://www.redinmobiliariamls.com/medellin/santa-maria-de-los-angeles/1/235624
520000.0,157.0,2.0,Loma de Benedictinos,Envigado,2022-08-28,2.0,6.178411,-75.574446,2.0,1090000000.0,Images/235625.jpeg,https://www.redinmobiliariamls.com/envigado/loma-de-benedictinos/1/235625
450000.0,140.0,3.0,Loma de Cumbres,Envigado,2022-08-28,3.0,6.256602,-75.575637,2.0,760000000.0,Images/235626.jpeg,https://www.redinmobiliariamls.com/envigado/loma-de-cumbres/1/235626
25000.0,45.0,1.0,San Isidro,Itagüí,2022-08-28,3.0,6.170743,-75.616886,0.0,170000000.0,Images/235627.jpeg,https://www.redinmobiliariamls.com/itagi/san-isidro/1/235627
231000.0,64.0,2.0,Miraflores,Medellín,2022-08-28,3.0,6.256602,-75.575637,1.0,300000000.0,Images/235628.jpeg,https://www.redinmobiliariamls.com/medellin/miraflores/1/235628
,91.92,2.0,El Tesoro,Medellín,2022-08-28,2.0,6.198269,-75.559238,1.0,1240000000.0,Images/235630.jpeg,https://www.redinmobiliariamls.com/medellin/el-tesoro/1/235630
332000.0,77.0,2.0,Las Antillas,Envigado,2022-08-28,3.0,6.256602,-75.575637,1.0,390000000.0,Images/235631.jpeg,https://www.redinmobiliariamls.com/envigado/las-antillas/1/235631
530000.0,145.0,2.0,Oviedo,Medellín,2022-08-28,3.0,6.256602,-75.575637,2.0,600000000.0,Images/235633.jpeg,https://www.redinmobiliariamls.com/medellin/oviedo/1/235633
171000.0,62.0,2.0,Ditaires,Itagüí,2022-08-28,3.0,6.256602,-75.575637,1.0,285000000.0,Images/235636.jpeg,https://www.redinmobiliariamls.com/itagi/ditaires/1/235636
300000.0,95.01,2.0,El Nogal - Los Almendros,Medellín,2022-08-28,3.0,6.256602,-75.575637,1.0,540000000.0,Images/235637.jpeg,https://www.redinmobiliariamls.com/medellin/el-nogal-los-almendros/1/235637
323400.0,76.69,2.0,Tres Esquinas,Sabaneta,2022-08-28,3.0,6.14589,-75.622157,1.0,450000000.0,Images/235638.jpeg,https://www.redinmobiliariamls.com/sabaneta/tres-esquinas/1/235638
281000.0,86.78,2.0,Ciudad del Rio,Medellín,2022-08-28,2.0,6.220336,-75.57417,1.0,590000000.0,Images/235639.jpeg,https://www.redinmobiliariamls.com/medellin/ciudad-del-rio/1/235639
1200000.0,305.0,6.0,La Toja,Medellín,2022-08-28,5.0,6.186595,-75.56631,4.0,950000000.0,Images/235640.jpeg,https://www.redinmobiliariamls.com/medellin/la-toja/1/235640
1100000.0,292.0,4.0,Castropol,Medellín,2022-08-28,3.0,6.216181,-75.566265,3.0,1100000000.0,Images/235641.jpeg,https://www.redinmobiliariamls.com/medellin/castropol/1/235641
301000.0,84.59,2.0,Calasanz Parte Alta,Medellín,2022-08-28,3.0,6.269609,-75.608986,1.0,420000000.0,Images/235642.jpeg,https://www.redinmobiliariamls.com/medellin/calasanz-parte-alta/1/235642
212800.0,53.0,2.0,Calasanz Parte Alta,Medellín,2022-08-28,3.0,6.268717,-75.605329,0.0,250000000.0,Images/235644.jpeg,https://www.redinmobiliariamls.com/medellin/calasanz-parte-alta/1/235644
25000.0,102.77,2.0,Fátima,Medellín,2022-08-28,3.0,6.23842,-75.586232,1.0,433000000.0,Images/235645.jpeg,https://www.redinmobiliariamls.com/medellin/fatima/1/235645
759000.0,161.0,3.0,San Lucas,Medellín,2022-08-28,3.0,6.217263,-75.559667,2.0,1059000000.0,Images/235648.jpeg,https://www.redinmobiliariamls.com/medellin/san-lucas/1/235648
337000.0,78.85,2.0,Laureles,Medellín,2022-08-28,3.0,6.245106,-75.593482,1.0,480000000.0,Images/235649.jpeg,https://www.redinmobiliariamls.com/medellin/laureles/1/235649
149700.0,60.4,2.0,Loma de San Jose,Sabaneta,2022-08-28,2.0,6.150107,-75.617242,1.0,225000000.0,Images/235651.jpeg,https://www.redinmobiliariamls.com/sabaneta/loma-de-san-jose/1/235651
157000.0,62.0,2.0,Ditaires,Itagüí,2022-08-28,3.0,6.256602,-75.575637,1.0,280000000.0,Images/235652.jpeg,https://www.redinmobiliariamls.com/itagi/ditaires/1/235652
160000.0,57.0,1.0,Urbano (La Ceja),La Ceja,2022-08-28,3.0,6.256602,-75.575637,1.0,174000000.0,Images/235653.jpeg,https://www.redinmobiliariamls.com/la-ceja/urbano-la-ceja/1/235653
185400.0,50.82,2.0,Navarra,Bello,2022-08-28,3.0,6.344409,-75.532212,1.0,240000000.0,Images/235654.jpeg,https://www.redinmobiliariamls.com/bello/navarra/1/235654
320000.0,87.4,2.0,Ciudad del Rio,Medellín,2022-08-28,2.0,6.220851,-75.573534,,515000000.0,Images/235655.jpeg,https://www.redinmobiliariamls.com/medellin/ciudad-del-rio/1/235655
576000.0,122.0,3.0,Santa Teresita,Medellín,2022-08-28,3.0,6.256602,-75.575637,2.0,600000000.0,Images/235656.jpeg,https://www.redinmobiliariamls.com/medellin/santa-teresita/1/235656
532000.0,139.0,3.0,Loma de Las Brujas,Envigado,2022-08-28,3.0,6.256602,-75.575637,2.0,890000000.0,Images/235659.jpeg,https://www.redinmobiliariamls.com/envigado/loma-de-las-brujas/1/235659
290000.0,71.0,2.0,Loma del Indio,Medellín,2022-08-28,3.0,6.256602,-75.575637,1.0,405000000.0,Images/235660.jpeg,https://www.redinmobiliariamls.com/medellin/loma-del-indio/1/235660
162000.0,57.45,2.0,La Doctora,Sabaneta,2022-08-28,2.0,6.143072,-75.610914,1.0,270000000.0,Images/235661.jpeg,https://www.redinmobiliariamls.com/sabaneta/la-doctora/1/235661
260000.0,76.0,2.0,Castropol,Medellín,2022-08-28,3.0,6.222489,-75.567652,1.0,430000000.0,Images/235662.jpeg,https://www.redinmobiliariamls.com/medellin/castropol/1/235662
250000.0,95.5,2.0,San José Obrero,Bello,2022-08-28,3.0,6.324805,-75.560463,2.0,430000000.0,Images/235663.jpeg,https://www.redinmobiliariamls.com/bello/san-jose-obrero/1/235663
200800.0,50.34,1.0,Loma del Indio,Medellín,2022-08-28,2.0,6.228889,-75.563241,0.0,240000000.0,Images/235664.jpeg,https://www.redinmobiliariamls.com/medellin/loma-del-indio/1/235664
232877.0,78.0,2.0,Sector Los Colegios,Rionegro,2022-08-28,2.0,6.256602,-75.575637,1.0,390000000.0,Images/235665.jpeg,https://www.redinmobiliariamls.com/rionegro/sector-los-colegios/1/235665
800000.0,220.0,3.0,El Campestre,Medellín,2022-08-28,3.0,6.184415,-75.560496,3.0,1250000000.0,Images/235666.jpeg,https://www.redinmobiliariamls.com/medellin/el-campestre/1/235666
628000.0,198.0,4.0,Las Acacias,Medellín,2022-08-28,4.0,6.256602,-75.575637,3.0,1250000000.0,Images/235667.jpeg,https://www.redinmobiliariamls.com/medellin/las-acacias/1/235667
224000.0,78.0,2.0,La Doctora,Sabaneta,2022-08-28,2.0,6.144006,-75.614462,1.0,330000000.0,Images/235668.jpeg,https://www.redinmobiliariamls.com/sabaneta/la-doctora/1/235668
334801.0,81.37,2.0,La Abadía,Envigado,2022-08-28,3.0,6.178828,-75.571268,2.0,450000000.0,Images/235669.jpeg,https://www.redinmobiliariamls.com/envigado/la-abadia/1/235669
,85.4,2.0,Camino Verde,Envigado,2022-08-28,3.0,6.147142,-75.575456,1.0,459000000.0,Images/235672.jpeg,https://www.redinmobiliariamls.com/envigado/camino-verde/1/235672
,38.0,1.0,Urbano,El Retiro,2022-08-28,1.0,6.256602,-75.575637,1.0,225000000.0,Images/235673.jpeg,https://www.redinmobiliariamls.com/el-retiro/urbano/1/235673
,85.4,2.0,Camino Verde,Envigado,2022-08-28,3.0,6.147142,-75.575456,1.0,459000000.0,Images/235674.jpeg,https://www.redinmobiliariamls.com/envigado/camino-verde/1/235674
,55.85,2.0,Loma de Los Bernal,Medellín,2022-08-09,3.0,6.256602,-75.575637,1.0,290000000.0,Images/235677.jpeg,https://www.redinmobiliariamls.com/medellin/loma-de-los-bernal/1/235677
280000.0,86.0,2.0,Villa Carlota,Medellín,2022-08-28,3.0,6.256602,-75.575637,1.0,580000000.0,Images/235680.jpeg,https://www.redinmobiliariamls.com/medellin/villa-carlota/1/235680
377400.0,69.0,2.0,Urbano,El Retiro,2022-08-28,2.0,6.256602,-75.575637,1.0,410000000.0,Images/235682.jpeg,https://www.redinmobiliariamls.com/el-retiro/urbano/1/235682
530000.0,106.0,2.0,Santa Maria de los Angeles,Medellín,2022-08-28,3.0,6.256602,-75.575637,1.0,680000000.0,Images/235683.jpeg,https://www.redinmobiliariamls.com/medellin/santa-maria-de-los-angeles/1/235683
395000.0,126.0,3.0,Aves Marías,Sabaneta,2022-08-28,3.0,6.14768,-75.600458,1.0,395000000.0,Images/235685.jpeg,https://www.redinmobiliariamls.com/sabaneta/aves-marias/1/235685
285000.0,85.0,2.0,Calasanz,Medellín,2022-08-28,3.0,6.252528,-75.604787,1.0,420000000.0,Images/235686.jpeg,https://www.redinmobiliariamls.com/medellin/calasanz/1/235686
650000.0,150.84,3.0,Loma del Escobero,Envigado,2022-08-28,3.0,6.172294,-75.586957,2.0,840000000.0,Images/235688.jpeg,https://www.redinmobiliariamls.com/envigado/loma-del-escobero/1/235688
500000.0,112.0,2.0,El Esmeraldal,Envigado,2022-08-28,3.0,6.173211,-75.569263,2.0,550000000.0,Images/235689.jpeg,https://www.redinmobiliariamls.com/envigado/el-esmeraldal/1/235689
200000.0,75.0,2.0,Vía Corta,El Retiro,2022-08-28,2.0,6.256602,-75.575637,1.0,570000000.0,Images/235690.jpeg,https://www.redinmobiliariamls.com/el-retiro/via-corta/1/235690
450000.0,123.48,3.0,Loma de los Mesa,Envigado,2022-08-28,3.0,6.169763,-75.569676,2.0,899000000.0,Images/235691.jpeg,https://www.redinmobiliariamls.com/envigado/loma-de-los-mesa/1/235691
742790.0,178.55,3.0,Los Balsos Nº 1,Medellín,2022-08-28,3.0,6.190262,-75.565205,2.0,820000000.0,Images/235693.jpeg,https://www.redinmobiliariamls.com/medellin/los-balsos-n-1/1/235693
667200.0,81.47,1.0,Oviedo,Medellín,2022-08-09,1.0,6.199604,-75.574137,1.0,600000000.0,Images/235694.jpeg,https://www.redinmobiliariamls.com/medellin/oviedo/1/235694
120800.0,60.0,2.0,Miraflores,Medellín,2022-08-28,2.0,6.256602,-75.575637,1.0,240000000.0,Images/235695.jpeg,https://www.redinmobiliariamls.com/medellin/miraflores/1/235695
10000.0,51.0,1.0,Villaloma,San Antonio de Prado,2022-08-28,2.0,6.184025,-75.648334,0.0,135000000.0,Images/235696.jpeg,https://www.redinmobiliariamls.com/san-antonio-de-prado/villaloma/1/235696
696000.0,189.6,3.0,Las Palmas,Medellín,2022-08-28,2.0,6.21669,-75.559192,3.0,795000000.0,Images/235697.jpeg,https://www.redinmobiliariamls.com/medellin/las-palmas/1/235697
460000.0,118.0,2.0,Laureles,Medellín,2022-08-28,3.0,6.244211,-75.598279,2.0,640000000.0,Images/235698.jpeg,https://www.redinmobiliariamls.com/medellin/laureles/1/235698
220000.0,100.0,3.0,Laureles,Medellín,2022-08-28,3.0,6.2407,-75.602665,1.0,655000000.0,Images/235699.jpeg,https://www.redinmobiliariamls.com/medellin/laureles/1/235699
300000.0,146.0,3.0,Florida Nueva,Medellín,2022-08-28,3.0,6.256602,-75.575637,1.0,580000000.0,Images/235700.jpeg,https://www.redinmobiliariamls.com/medellin/florida-nueva/1/235700
,184.0,2.0,El Poblado,Medellín,2022-08-28,2.0,6.250459,-75.568256,1.0,1783000000.0,Images/235701.jpeg,https://www.redinmobiliariamls.com/medellin/el-poblado/1/235701
1020000.0,210.0,3.0,La Concha,Medellín,2022-08-28,3.0,6.256602,-75.575637,2.0,995000000.0,Images/235702.jpeg,https://www.redinmobiliariamls.com/medellin/la-concha/1/235702
520000.0,157.0,3.0,Loma de Benedictinos,Envigado,2022-08-28,3.0,6.178411,-75.574446,3.0,1038000000.0,Images/235703.jpeg,https://www.redinmobiliariamls.com/envigado/loma-de-benedictinos/1/235703
220000.0,104.0,3.0,Laureles,Medellín,2022-08-28,3.0,6.2407,-75.602665,1.0,680000000.0,Images/235704.jpeg,https://www.redinmobiliariamls.com/medellin/laureles/1/235704
647981.0,125.0,4.0,Lalinde,Medellín,2022-08-28,3.0,6.212119,-75.566344,2.0,875000000.0,Images/235706.jpeg,https://www.redinmobiliariamls.com/medellin/lalinde/1/235706
751000.0,210.0,3.0,La Calera,Medellín,2022-08-09,3.0,6.256602,-75.575637,3.0,1400000000.0,Images/235708.jpeg,https://www.redinmobiliariamls.com/medellin/la-calera/1/235708
339000.0,83.0,2.0,La Abadía,Envigado,2022-08-28,3.0,6.169763,-75.569676,2.0,490000000.0,Images/235709.jpeg,https://www.redinmobiliariamls.com/envigado/la-abadia/1/235709
230000.0,72.0,2.0,Camino Verde,Envigado,2022-08-28,3.0,6.256602,-75.575637,1.0,435000000.0,Images/235710.jpeg,https://www.redinmobiliariamls.com/envigado/camino-verde/1/235710
,184.0,2.0,El Poblado,Medellín,2022-08-28,2.0,6.207623,-75.559873,1.0,1783000000.0,Images/235711.jpeg,https://www.redinmobiliariamls.com/medellin/el-poblado/1/235711
162000.0,53.4,2.0,Belén Rodeo Alto,Medellín,2022-08-28,2.0,6.202933,-75.603151,1.0,240000000.0,Images/235712.jpeg,https://www.redinmobiliariamls.com/medellin/belen-rodeo-alto/1/235712
183000.0,60.0,2.0,Calle Larga,Sabaneta,2022-08-28,2.0,6.256602,-75.575637,0.0,268000000.0,Images/235714.jpeg,https://www.redinmobiliariamls.com/sabaneta/calle-larga/1/235714
258701.0,67.1,2.0,V. Pan de Azúcar,Sabaneta,2022-08-28,2.0,6.146225,-75.625098,2.0,350000000.0,Images/235716.jpeg,https://www.redinmobiliariamls.com/sabaneta/v-pan-de-azucar/1/235716
209000.0,57.0,2.0,El Porvenir,Rionegro,2022-08-28,2.0,6.147552,-75.389814,1.0,350000000.0,Images/235718.jpeg,https://www.redinmobiliariamls.com/rionegro/el-porvenir/1/235718
,48.5,2.0,Calasanz Parte Alta,Medellín,2022-08-28,2.0,6.26347,-75.603671,0.0,175000000.0,Images/235719.jpeg,https://www.redinmobiliariamls.com/medellin/calasanz-parte-alta/1/235719
228000.0,74.9,2.0,Loma de Las Brujas,Envigado,2022-08-09,1.0,6.156214,-75.573663,1.0,435000000.0,Images/235720.jpeg,https://www.redinmobiliariamls.com/envigado/loma-de-las-brujas/1/235720
45000.0,77.0,2.0,Los Alcazares,Sabaneta,2022-08-28,2.0,6.256602,-75.575637,0.0,250000000.0,Images/235723.jpeg,https://www.redinmobiliariamls.com/sabaneta/los-alcazares/1/235723
191000.0,45.31,1.0,La Aldea,La Estrella,2022-08-28,1.0,6.256602,-75.575637,1.0,230000000.0,Images/235724.jpeg,https://www.redinmobiliariamls.com/la-estrella/la-aldea/1/235724
,95.0,2.0,Guayabal,Medellín,2022-08-28,4.0,6.209262,-75.586172,0.0,300000000.0,Images/235725.jpeg,https://www.redinmobiliariamls.com/medellin/guayabal/1/235725
790000.0,100.44,2.0,Laureles,Medellín,2022-08-28,3.0,6.247601,-75.598677,2.0,690000000.0,Images/235728.jpeg,https://www.redinmobiliariamls.com/medellin/laureles/1/235728
700000.0,102.0,2.0,Los Balsos Nº 2,Medellín,2022-08-28,2.0,6.256602,-75.575637,2.0,550000000.0,Images/235732.jpeg,https://www.redinmobiliariamls.com/medellin/los-balsos-n-2/1/235732
615000.0,173.93,2.0,Castropol,Medellín,2022-08-09,3.0,6.215761,-75.564875,2.0,710000000.0,Images/235733.jpeg,https://www.redinmobiliariamls.com/medellin/castropol/1/235733
,51.0,1.0,Cristo Rey,Medellín,2022-08-28,2.0,6.204098,-75.583339,0.0,162000000.0,Images/235734.jpeg,https://www.redinmobiliariamls.com/medellin/cristo-rey/1/235734
150000.0,57.0,1.0,Urbano (La Ceja),La Ceja,2022-08-28,1.0,6.026294,-75.421208,1.0,280000000.0,Images/235736.jpeg,https://www.redinmobiliariamls.com/la-ceja/urbano-la-ceja/1/235736
300000.0,87.26,2.0,Castropol,Medellín,2022-08-28,3.0,6.21556,-75.567269,1.0,470000000.0,Images/235737.jpeg,https://www.redinmobiliariamls.com/medellin/castropol/1/235737
,72.0,2.0,Cristo Rey,Medellín,2022-08-09,3.0,6.206395,-75.585463,0.0,200000000.0,Images/235741.jpeg,https://www.redinmobiliariamls.com/medellin/cristo-rey/1/235741
169100.0,60.11,1.0,Madera,Bello,2022-08-28,2.0,6.317037,-75.553427,1.0,250000000.0,Images/235743.jpeg,https://www.redinmobiliariamls.com/bello/madera/1/235743
1200000.0,108.31,2.0,El Poblado,Medellín,2022-08-28,2.0,6.198045,-75.556616,2.0,1250000000.0,Images/235744.jpeg,https://www.redinmobiliariamls.com/medellin/el-poblado/1/235744
220000.0,84.0,2.0,Los Colores,Medellín,2022-08-09,3.0,6.256602,-75.575637,1.0,420000000.0,Images/235745.jpeg,https://www.redinmobiliariamls.com/medellin/los-colores/1/235745
,136.0,2.0,Sector Fizebad,El Retiro,2022-08-28,2.0,6.256602,-75.575637,2.0,990000000.0,Images/235747.jpeg,https://www.redinmobiliariamls.com/el-retiro/sector-fizebad/1/235747
149700.0,60.2,2.0,Loma de San Jose,Sabaneta,2022-08-09,2.0,6.134998,-75.618374,1.0,235000000.0,Images/235748.jpeg,https://www.redinmobiliariamls.com/sabaneta/loma-de-san-jose/1/235748
805000.0,190.0,3.0,La Toja,Medellín,2022-08-28,3.0,6.186798,-75.567581,4.0,1550000000.0,Images/235749.jpeg,https://www.redinmobiliariamls.com/medellin/la-toja/1/235749
700000.0,150.7,3.0,Castropol,Medellín,2022-08-28,3.0,6.214808,-75.567094,2.0,905000000.0,Images/235750.jpeg,https://www.redinmobiliariamls.com/medellin/castropol/1/235750
704100.0,135.17,3.0,Patio Bonito,Medellín,2022-08-28,3.0,6.207641,-75.575748,1.0,520000000.0,Images/235753.jpeg,https://www.redinmobiliariamls.com/medellin/patio-bonito/1/235753
201000.0,65.0,2.0,San José,Itagüí,2022-08-28,3.0,6.256602,-75.575637,1.0,268000000.0,Images/235755.jpeg,https://www.redinmobiliariamls.com/itagi/san-jose/1/235755
220000.0,104.0,3.0,Laureles,Medellín,2022-08-28,3.0,6.2407,-75.602665,1.0,680000000.0,Images/235756.jpeg,https://www.redinmobiliariamls.com/medellin/laureles/1/235756
460000.0,99.65,2.0,Castropol,Medellín,2022-08-28,3.0,6.2191,-75.566856,1.0,530000000.0,Images/235760.jpeg,https://www.redinmobiliariamls.com/medellin/castropol/1/235760
240000.0,86.0,2.0,La Doctora,Sabaneta,2022-08-28,3.0,6.144006,-75.614462,1.0,360000000.0,Images/235761.jpeg,https://www.redinmobiliariamls.com/sabaneta/la-doctora/1/235761
480000.0,106.0,3.0,Calasanz,Medellín,2022-08-28,3.0,6.262449,-75.598903,2.0,615000000.0,Images/235762.jpeg,https://www.redinmobiliariamls.com/medellin/calasanz/1/235762
2200000.0,404.2,3.0,Los Balsos Nº 2,Medellín,2022-08-28,3.0,6.177675,-75.55654,3.0,3665400000.0,Images/235763.jpeg,https://www.redinmobiliariamls.com/medellin/los-balsos-n-2/1/235763
610000.0,180.0,4.0,Loma de Benedictinos,Envigado,2022-08-28,3.0,6.178411,-75.574446,3.0,1250000000.0,Images/235764.jpeg,https://www.redinmobiliariamls.com/envigado/loma-de-benedictinos/1/235764
220000.0,104.0,3.0,Laureles,Medellín,2022-08-28,3.0,6.2407,-75.602665,1.0,680000000.0,Images/235766.jpeg,https://www.redinmobiliariamls.com/medellin/laureles/1/235766
220000.0,104.0,3.0,Laureles,Medellín,2022-08-28,3.0,6.2407,-75.602665,1.0,680000000.0,Images/235767.jpeg,https://www.redinmobiliariamls.com/medellin/laureles/1/235767
314700.0,84.7,2.0,Suramérica,Itagüí,2022-08-28,3.0,6.164918,-75.635397,1.0,380000000.0,Images/235768.jpeg,https://www.redinmobiliariamls.com/itagi/suramerica/1/235768
400000.0,200.0,3.0,Las Lomas Nº 1,Medellín,2022-08-28,3.0,6.211392,-75.55656,2.0,750000000.0,Images/235769.jpeg,https://www.redinmobiliariamls.com/medellin/las-lomas-n-1/1/235769
258000.0,69.0,2.0,Suramérica,Itagüí,2022-08-09,3.0,6.164918,-75.635397,1.0,320000000.0,Images/235771.jpeg,https://www.redinmobiliariamls.com/itagi/suramerica/1/235771
400000.0,123.08,2.0,Loma de los Mesa,Envigado,2022-08-28,2.0,6.171265,-75.568335,2.0,980000000.0,Images/235775.jpeg,https://www.redinmobiliariamls.com/envigado/loma-de-los-mesa/1/235775
380000.0,79.05,2.0,Loma de los Mesa,Envigado,2022-08-28,2.0,6.256602,-75.575637,1.0,550000000.0,Images/235776.jpeg,https://www.redinmobiliariamls.com/envigado/loma-de-los-mesa/1/235776
,63.75,2.0,La Dalia,Marinilla,2022-08-28,3.0,4.604554,-74.072429,1.0,263000000.0,Images/235778.jpeg,https://www.redinmobiliariamls.com/marinilla/la-dalia/1/235778
,70.29,2.0,Primavera,Envigado,2022-08-28,2.0,6.161167,-75.600667,1.0,465000000.0,Images/235779.jpeg,https://www.redinmobiliariamls.com/envigado/primavera/1/235779
746800.0,149.52,2.0,Alejandría,Medellín,2022-08-28,3.0,6.200251,-75.569292,2.0,640000000.0,Images/235780.jpeg,https://www.redinmobiliariamls.com/medellin/alejandria/1/235780
700000.0,120.15,2.0,Las Palmas,Medellín,2022-08-28,2.0,6.212922,-75.545335,2.0,1100000000.0,Images/235782.jpeg,https://www.redinmobiliariamls.com/medellin/las-palmas/1/235782
210000.0,74.0,2.0,San José Obrero,Bello,2022-08-28,3.0,6.324805,-75.560463,1.0,375000000.0,Images/235784.jpeg,https://www.redinmobiliariamls.com/bello/san-jose-obrero/1/235784
250000.0,63.14,2.0,Los Alcazares,Sabaneta,2022-08-28,3.0,6.152724,-75.61075,1.0,340000000.0,Images/235785.jpeg,https://www.redinmobiliariamls.com/sabaneta/los-alcazares/1/235785
200000.0,65.0,2.0,Centro,Itagüí,2022-08-28,3.0,6.256602,-75.575637,1.0,320000000.0,Images/235786.jpeg,https://www.redinmobiliariamls.com/itagi/centro/1/235786
280000.0,80.0,2.0,Patio Bonito,Medellín,2022-08-28,3.0,6.209139,-75.57626,1.0,520000000.0,Images/235788.jpeg,https://www.redinmobiliariamls.com/medellin/patio-bonito/1/235788
266800.0,40.74,2.0,Loma de Los Bernal,Medellín,2022-08-09,2.0,6.215515,-75.604975,1.0,240000000.0,Images/235789.jpeg,https://www.redinmobiliariamls.com/medellin/loma-de-los-bernal/1/235789
900000.0,195.0,3.0,Alejandría,Medellín,2022-08-28,3.0,6.2122,-75.573951,2.0,1720000000.0,Images/235791.jpeg,https://www.redinmobiliariamls.com/medellin/alejandria/1/235791
188000.0,55.0,2.0,Loma de San Jose,Sabaneta,2022-08-28,2.0,6.256602,-75.575637,1.0,250000000.0,Images/235792.jpeg,https://www.redinmobiliariamls.com/sabaneta/loma-de-san-jose/1/235792
576000.0,175.0,3.0,La Aguacatala,Medellín,2022-08-28,4.0,6.185503,-75.556755,1.0,670000000.0,Images/235793.jpeg,https://www.redinmobiliariamls.com/medellin/la-aguacatala/1/235793
100000.0,53.0,2.0,Corredor San Antonio - La Ceja (Rionegro),Rionegro,2022-08-28,3.0,6.256602,-75.575637,1.0,210000000.0,Images/235794.jpeg,https://www.redinmobiliariamls.com/rionegro/corredor-san-antonio-la-ceja-rionegro/1/235794
,180.0,2.0,Loma de los Parra,Medellín,2022-08-28,2.0,6.256602,-75.575637,2.0,739000000.0,Images/235795.jpeg,https://www.redinmobiliariamls.com/medellin/loma-de-los-parra/1/235795
400000.0,106.0,2.0,Loma de Las Brujas,Envigado,2022-08-28,3.0,6.256602,-75.575637,1.0,560000000.0,Images/235796.jpeg,https://www.redinmobiliariamls.com/envigado/loma-de-las-brujas/1/235796
452000.0,78.96,1.0,San Lucas,Medellín,2022-08-28,1.0,6.256602,-75.575637,1.0,570000000.0,Images/235797.jpeg,https://www.redinmobiliariamls.com/medellin/san-lucas/1/235797
370000.0,85.84,2.0,Loma Los Gonzalez,Medellín,2022-08-28,2.0,6.190628,-75.563416,1.0,565000000.0,Images/235798.jpeg,https://www.redinmobiliariamls.com/medellin/loma-los-gonzalez/1/235798
273000.0,97.0,2.0,La Mota,Medellín,2022-08-28,3.0,6.256602,-75.575637,1.0,385000000.0,Images/235800.jpeg,https://www.redinmobiliariamls.com/medellin/la-mota/1/235800
560000.0,117.0,2.0,Suramericana,Medellín,2022-08-28,3.0,6.254149,-75.581002,1.0,460000000.0,Images/235801.jpeg,https://www.redinmobiliariamls.com/medellin/suramericana/1/235801
453000.0,93.5,2.0,El Esmeraldal,Envigado,2022-08-28,2.0,6.256602,-75.575637,2.0,470000000.0,Images/235802.jpeg,https://www.redinmobiliariamls.com/envigado/el-esmeraldal/1/235802
256813.0,82.0,2.0,Suramérica,Itagüí,2022-08-28,3.0,6.256602,-75.575637,1.0,420000000.0,Images/235803.jpeg,https://www.redinmobiliariamls.com/itagi/suramerica/1/235803
,62.93,2.0,Loma de San Jose,Sabaneta,2022-08-28,3.0,6.140678,-75.618219,1.0,432000000.0,Images/235804.jpeg,https://www.redinmobiliariamls.com/sabaneta/loma-de-san-jose/1/235804
125000.0,46.97,1.0,Urbano,San Antonio de Prado,2022-08-28,3.0,6.18295,-75.649465,1.0,180000000.0,Images/235805.jpeg,https://www.redinmobiliariamls.com/san-antonio-de-prado/urbano/1/235805
,68.79,2.0,Loma de San Jose,Sabaneta,2022-08-28,3.0,6.140336,-75.617962,1.0,420000000.0,Images/235806.jpeg,https://www.redinmobiliariamls.com/sabaneta/loma-de-san-jose/1/235806
150000.0,110.0,2.0,Florida Nueva,Medellín,2022-08-28,3.0,6.256602,-75.575637,1.0,450000000.0,Images/235807.jpeg,https://www.redinmobiliariamls.com/medellin/florida-nueva/1/235807
430000.0,135.0,2.0,Laureles,Medellín,2022-08-28,3.0,6.256602,-75.575637,2.0,550000000.0,Images/235808.jpeg,https://www.redinmobiliariamls.com/medellin/laureles/1/235808
370000.0,85.0,2.0,Loma de Cumbres,Envigado,2022-08-28,3.0,6.256602,-75.575637,1.0,400000000.0,Images/235809.jpeg,https://www.redinmobiliariamls.com/envigado/loma-de-cumbres/1/235809
313500.0,68.98,2.0,Loma Los Gonzalez,Medellín,2022-08-09,2.0,6.193023,-75.562964,1.0,465000000.0,Images/235810.jpeg,https://www.redinmobiliariamls.com/medellin/loma-los-gonzalez/1/235810
418000.0,110.92,3.0,Zuñiga,Envigado,2022-08-09,3.0,6.256602,-75.575637,2.0,680000000.0,Images/235811.jpeg,https://www.redinmobiliariamls.com/envigado/zuniga/1/235811
131900.0,60.0,2.0,Urbano,San Antonio de Prado,2022-08-28,3.0,6.256602,-75.575637,0.0,155000000.0,Images/235812.jpeg,https://www.redinmobiliariamls.com/san-antonio-de-prado/urbano/1/235812
220000.0,163.0,3.0,Los Almendros,Medellín,2022-08-28,3.0,6.236747,-75.598641,2.0,650000000.0,Images/235813.jpeg,https://www.redinmobiliariamls.com/medellin/los-almendros/1/235813
,65.0,2.0,San Isidro,Itagüí,2022-08-28,3.0,6.171781,-75.616676,0.0,255000000.0,Images/235816.jpeg,https://www.redinmobiliariamls.com/itagi/san-isidro/1/235816
73700.0,32.0,1.0,Zona Centro,Caldas,2022-08-28,1.0,6.256602,-75.575637,1.0,200000000.0,Images/235818.jpeg,https://www.redinmobiliariamls.com/caldas/zona-centro/1/235818
142000.0,98.01,2.0,Santa Teresita,Medellín,2022-08-28,3.0,6.256602,-75.575637,1.0,335000000.0,Images/235822.jpeg,https://www.redinmobiliariamls.com/medellin/santa-teresita/1/235822
380000.0,110.0,2.0,Camino Verde,Envigado,2022-08-28,3.0,6.256602,-75.575637,2.0,630000000.0,Images/235824.jpeg,https://www.redinmobiliariamls.com/envigado/camino-verde/1/235824
375000.0,93.77,2.0,Loma de los Mesa,Envigado,2022-08-28,3.0,6.256602,-75.575637,2.0,700000000.0,Images/235825.jpeg,https://www.redinmobiliariamls.com/envigado/loma-de-los-mesa/1/235825
,114.63,2.0,V. Las Palmas,El Retiro,2022-08-28,3.0,6.060955,-75.502581,1.0,765000000.0,Images/235827.jpeg,https://www.redinmobiliariamls.com/el-retiro/v-las-palmas/1/235827
727600.0,167.0,4.0,San Lucas,Medellín,2022-08-28,3.0,6.180804,-75.562353,2.0,870000000.0,Images/235828.jpeg,https://www.redinmobiliariamls.com/medellin/san-lucas/1/235828
219800.0,55.69,1.0,Urbano,San Jerónimo,2022-08-28,1.0,6.442825,-75.727766,1.0,240000000.0,Images/235829.jpeg,https://www.redinmobiliariamls.com/san-jeronimo/urbano/1/235829
,107.0,2.0,Asdesillas,Sabaneta,2022-08-28,3.0,6.149623,-75.609243,2.0,650000000.0,Images/235832.jpeg,https://www.redinmobiliariamls.com/sabaneta/asdesillas/1/235832
544000.0,149.0,2.0,La Concha,Medellín,2022-08-28,3.0,6.208388,-75.561267,2.0,560000000.0,Images/235833.jpeg,https://www.redinmobiliariamls.com/medellin/la-concha/1/235833
322000.0,74.84,2.0,Camino Verde,Envigado,2022-08-28,3.0,6.156656,-75.579286,1.0,385000000.0,Images/235834.jpeg,https://www.redinmobiliariamls.com/envigado/camino-verde/1/235834
506000.0,65.0,2.0,Provenza,Medellín,2022-08-28,1.0,6.205045,-75.563964,1.0,450000000.0,Images/235835.jpeg,https://www.redinmobiliariamls.com/medellin/provenza/1/235835
140000.0,65.76,2.0,Entrecolinas,Itagüí,2022-08-28,3.0,6.1955,-75.593871,0.0,215000000.0,Images/235838.jpeg,https://www.redinmobiliariamls.com/itagi/entrecolinas/1/235838
460100.0,178.0,3.0,Los Balsos Nº 2,Medellín,2022-08-28,3.0,6.18888,-75.565922,2.0,1250000000.0,Images/235839.jpeg,https://www.redinmobiliariamls.com/medellin/los-balsos-n-2/1/235839
262000.0,78.63,2.0,San Diego,Medellín,2022-08-28,3.0,6.229737,-75.563627,1.0,390000000.0,Images/235842.jpeg,https://www.redinmobiliariamls.com/medellin/san-diego/1/235842
650000.0,146.0,4.0,El Tesoro,Medellín,2022-08-28,3.0,6.202037,-75.559755,2.0,730000000.0,Images/235843.jpeg,https://www.redinmobiliariamls.com/medellin/el-tesoro/1/235843
219400.0,66.65,2.0,La Aldea,La Estrella,2022-08-28,3.0,6.151555,-75.644788,1.0,275000000.0,Images/235844.jpeg,https://www.redinmobiliariamls.com/la-estrella/la-aldea/1/235844
178681.0,49.82,2.0,Las Brisas,La Estrella,2022-08-28,2.0,6.256602,-75.575637,1.0,240000000.0,Images/235845.jpeg,https://www.redinmobiliariamls.com/la-estrella/las-brisas/1/235845
159800.0,55.0,2.0,La Mina,Envigado,2022-08-28,3.0,6.256602,-75.575637,1.0,220000000.0,Images/235847.jpeg,https://www.redinmobiliariamls.com/envigado/la-mina/1/235847
,55.61,2.0,Machado,Copacabana,2022-08-28,3.0,6.332393,-75.534909,0.0,164000000.0,Images/235848.jpeg,https://www.redinmobiliariamls.com/copacabana/machado/1/235848
310000.0,108.0,2.0,El Portal,Envigado,2022-08-28,3.0,6.174859,-75.589542,1.0,460000000.0,Images/235850.jpeg,https://www.redinmobiliariamls.com/envigado/el-portal/1/235850
374500.0,170.0,3.0,La Mota,Medellín,2022-08-28,3.0,6.256602,-75.575637,2.0,665000000.0,Images/235852.jpeg,https://www.redinmobiliariamls.com/medellin/la-mota/1/235852
235005.0,85.81,2.0,La Doctora,Sabaneta,2022-08-28,3.0,6.143965,-75.614819,,400000000.0,Images/235853.jpeg,https://www.redinmobiliariamls.com/sabaneta/la-doctora/1/235853
,76.0,2.0,Cabañas,Bello,2022-08-28,3.0,6.256602,-75.575637,1.0,430000000.0,Images/235858.jpeg,https://www.redinmobiliariamls.com/bello/cabanas/1/235858
160000.0,66.0,2.0,Calasanz Parte Alta,Medellín,2022-08-28,3.0,6.269457,-75.60589,1.0,339500000.0,Images/235859.jpeg,https://www.redinmobiliariamls.com/medellin/calasanz-parte-alta/1/235859
146000.0,57.0,2.0,V. San José,Sabaneta,2022-08-28,2.0,6.150107,-75.617242,1.0,250000000.0,Images/235860.jpeg,https://www.redinmobiliariamls.com/sabaneta/v-san-jose/1/235860
540000.0,71.8,2.0,Alejandría,Medellín,2022-08-09,2.0,6.199631,-75.569903,2.0,475000000.0,Images/235862.jpeg,https://www.redinmobiliariamls.com/medellin/alejandria/1/235862
369000.0,88.75,3.0,El Poblado,Medellín,2022-08-28,3.0,6.205663,-75.562419,1.0,500000000.0,Images/235863.jpeg,https://www.redinmobiliariamls.com/medellin/el-poblado/1/235863
246000.0,61.16,2.0,Loma del Indio,Medellín,2022-08-28,2.0,6.226696,-75.559458,1.0,350000000.0,Images/235864.jpeg,https://www.redinmobiliariamls.com/medellin/loma-del-indio/1/235864
475390.0,132.0,3.0,Loma de Benedictinos,Envigado,2022-08-28,3.0,6.256602,-75.575637,2.0,910000000.0,Images/235865.jpeg,https://www.redinmobiliariamls.com/envigado/loma-de-benedictinos/1/235865
260000.0,70.0,2.0,San Antonio de Pereira,Rionegro,2022-08-28,3.0,6.134909,-75.379016,1.0,360000000.0,Images/235866.jpeg,https://www.redinmobiliariamls.com/rionegro/san-antonio-de-pereira/1/235866
497000.0,115.8,2.0,Alejandría,Medellín,2022-08-09,3.0,6.200757,-75.569887,2.0,745000000.0,Images/235867.jpeg,https://www.redinmobiliariamls.com/medellin/alejandria/1/235867
20000.0,65.0,2.0,El Tablazo,Itagüí,2022-08-28,3.0,6.178889,-75.606739,0.0,205000000.0,Images/235868.jpeg,https://www.redinmobiliariamls.com/itagi/el-tablazo/1/235868
,71.0,2.0,Ditaires,Itagüí,2022-08-28,3.0,6.256602,-75.575637,1.0,330000000.0,Images/235869.jpeg,https://www.redinmobiliariamls.com/itagi/ditaires/1/235869
923000.0,171.27,3.0,Los Bósques,Medellín,2022-08-28,3.0,6.210826,-75.549631,3.0,1527000000.0,Images/235872.jpeg,https://www.redinmobiliariamls.com/medellin/los-bosques/1/235872
280000.0,86.0,2.0,Urbano,El Carmen,2022-08-28,3.0,6.083801,-75.336041,0.0,278000000.0,Images/235874.jpeg,https://www.redinmobiliariamls.com/el-carmen/urbano/1/235874
215000.0,73.86,2.0,Santa Ana,Bello,2022-08-28,3.0,6.331085,-75.561614,1.0,300000000.0,Images/235875.jpeg,https://www.redinmobiliariamls.com/bello/santa-ana/1/235875
247000.0,70.0,2.0,Loma de San Jose,Sabaneta,2022-08-28,3.0,6.137332,-75.619328,1.0,380000000.0,Images/235876.jpeg,https://www.redinmobiliariamls.com/sabaneta/loma-de-san-jose/1/235876
288000.0,76.0,2.0,La Barranca,Santa Fe de Antioquia,2022-08-28,2.0,6.559299,-75.825539,1.0,400000000.0,Images/235877.jpeg,https://www.redinmobiliariamls.com/santa-fe-de-antioquia/la-barranca/1/235877
120000.0,80.0,2.0,Guayabal,Medellín,2022-08-28,4.0,6.198773,-75.594327,0.0,180000000.0,Images/235878.jpeg,https://www.redinmobiliariamls.com/medellin/guayabal/1/235878
,56.62,1.0,Los Alpes,Medellín,2022-08-28,2.0,6.256602,-75.575637,1.0,220000000.0,Images/235880.jpeg,https://www.redinmobiliariamls.com/medellin/los-alpes/1/235880
,40.0,1.0,La Asunción,Copacabana,2022-08-28,1.0,6.256602,-75.575637,0.0,135000000.0,Images/235881.jpeg,https://www.redinmobiliariamls.com/copacabana/la-asuncion/1/235881
,121.74,2.0,Florida Nueva,Medellín,2022-08-28,3.0,6.251862,-75.591591,1.0,460000000.0,Images/235883.jpeg,https://www.redinmobiliariamls.com/medellin/florida-nueva/1/235883
460000.0,330.0,4.0,Laureles,Medellín,2022-08-28,4.0,6.248242,-75.594068,2.0,1300000000.0,Images/235885.jpeg,https://www.redinmobiliariamls.com/medellin/laureles/1/235885
530000.0,164.0,3.0,Conquistadores,Medellín,2022-08-28,4.0,6.241609,-75.579972,1.0,595000000.0,Images/235886.jpeg,https://www.redinmobiliariamls.com/medellin/conquistadores/1/235886
175449.0,59.31,2.0,Pilsen,Itagüí,2022-08-28,2.0,6.167784,-75.631901,1.0,265000000.0,Images/235887.jpeg,https://www.redinmobiliariamls.com/itagi/pilsen/1/235887
1200000.0,285.0,6.0,Laureles,Medellín,2022-08-28,5.0,6.24438,-75.594619,2.0,1400000000.0,Images/235889.jpeg,https://www.redinmobiliariamls.com/medellin/laureles/1/235889
,59.3,2.0,San Juan,Copacabana,2022-08-28,2.0,6.354241,-75.494291,1.0,258000000.0,Images/235891.jpeg,https://www.redinmobiliariamls.com/copacabana/san-juan/1/235891
700000.0,165.4,3.0,San Lucas,Medellín,2022-08-28,3.0,6.184431,-75.567134,1.0,690000000.0,Images/235893.jpeg,https://www.redinmobiliariamls.com/medellin/san-lucas/1/235893
695000.0,202.0,3.0,Loma Los Gonzalez,Medellín,2022-08-28,3.0,6.190944,-75.563428,2.0,1650000000.0,Images/235895.jpeg,https://www.redinmobiliariamls.com/medellin/loma-los-gonzalez/1/235895
450000.0,106.0,3.0,Laureles,Medellín,2022-08-09,3.0,6.24889,-75.594138,1.0,750000000.0,Images/235896.jpeg,https://www.redinmobiliariamls.com/medellin/laureles/1/235896
20000.0,58.2,1.0,San Francisco,Itagüí,2022-08-28,3.0,6.17198,-75.640352,0.0,180000000.0,Images/235898.jpeg,https://www.redinmobiliariamls.com/itagi/san-francisco/1/235898
976600.0,156.0,3.0,El Poblado,Medellín,2022-08-28,3.0,6.256602,-75.575637,2.0,450000000.0,Images/235900.jpeg,https://www.redinmobiliariamls.com/medellin/el-poblado/1/235900
517000.0,89.0,2.0,Alto de las Palmas ,Envigado,2022-08-28,1.0,6.256602,-75.575637,1.0,780000000.0,Images/235902.jpeg,https://www.redinmobiliariamls.com/envigado/alto-de-las-palmas-/1/235902
1410000.0,432.0,3.0,La Tomatera,Medellín,2022-08-28,3.0,6.203679,-75.567104,4.0,2900000000.0,Images/235903.jpeg,https://www.redinmobiliariamls.com/medellin/la-tomatera/1/235903
85901.0,47.0,1.0,Loreto,Medellín,2022-08-28,2.0,6.256602,-75.575637,0.0,120000000.0,Images/235904.jpeg,https://www.redinmobiliariamls.com/medellin/loreto/1/235904
250000.0,70.0,2.0,La Castellana,Medellín,2022-08-28,3.0,6.24265,-75.611784,1.0,285000000.0,Images/235905.jpeg,https://www.redinmobiliariamls.com/medellin/la-castellana/1/235905
690000.0,78.0,2.0,Provenza,Medellín,2022-08-09,1.0,6.256602,-75.575637,1.0,485000000.0,Images/235906.jpeg,https://www.redinmobiliariamls.com/medellin/provenza/1/235906
230000.0,89.0,2.0,Loma de San Jose,Sabaneta,2022-08-28,3.0,6.141716,-75.618434,2.0,398000000.0,Images/235907.jpeg,https://www.redinmobiliariamls.com/sabaneta/loma-de-san-jose/1/235907
130000.0,55.0,2.0,San Gabriel,Itagüí,2022-08-28,3.0,6.178484,-75.635583,1.0,230000000.0,Images/235908.jpeg,https://www.redinmobiliariamls.com/itagi/san-gabriel/1/235908
299600.0,86.0,2.0,Señorial,Envigado,2022-08-28,3.0,6.157378,-75.59837,1.0,430000000.0,Images/235910.jpeg,https://www.redinmobiliariamls.com/envigado/senorial/1/235910
,56.21,1.0,Santa Maria de los Angeles,Medellín,2022-08-28,1.0,6.186878,-75.578065,0.0,595000000.0,Images/235911.jpeg,https://www.redinmobiliariamls.com/medellin/santa-maria-de-los-angeles/1/235911
293000.0,126.0,2.0,Laureles,Medellín,2022-08-28,3.0,6.240171,-75.599309,1.0,695000000.0,Images/235914.jpeg,https://www.redinmobiliariamls.com/medellin/laureles/1/235914
200000.0,63.5,2.0,Las Antillas,Envigado,2022-08-28,2.0,6.153929,-75.589762,1.0,320000000.0,Images/235916.jpeg,https://www.redinmobiliariamls.com/envigado/las-antillas/1/235916
107255.0,57.0,2.0,Almerí­a,Medellín,2022-08-28,2.0,6.243768,-75.609542,1.0,260000000.0,Images/235918.jpeg,https://www.redinmobiliariamls.com/medellin/almeria/1/235918
,103.0,2.0,Castropol,Medellín,2022-08-28,3.0,6.256602,-75.575637,2.0,750000000.0,Images/235921.jpeg,https://www.redinmobiliariamls.com/medellin/castropol/1/235921
740053.0,188.0,3.0,La Tomatera,Medellín,2022-08-28,3.0,6.205112,-75.568926,2.0,1250000000.0,Images/235922.jpeg,https://www.redinmobiliariamls.com/medellin/la-tomatera/1/235922
420000.0,96.0,3.0,Florida Nueva,Medellín,2022-08-28,3.0,6.250924,-75.592652,1.0,450000000.0,Images/235924.jpeg,https://www.redinmobiliariamls.com/medellin/florida-nueva/1/235924
50000.0,53.0,2.0,Tranvía,Rionegro,2022-08-28,3.0,6.146476,-75.371821,1.0,165000000.0,Images/235925.jpeg,https://www.redinmobiliariamls.com/rionegro/tranvia/1/235925
275000.0,115.0,2.0,Alameda,Medellín,2022-08-28,3.0,6.23772,-75.593057,1.0,519000000.0,Images/235926.jpeg,https://www.redinmobiliariamls.com/medellin/alameda/1/235926
887300.0,204.93,2.0,Santa Maria de los Angeles,Medellín,2022-08-28,3.0,6.191687,-75.576859,3.0,975000000.0,Images/235931.jpeg,https://www.redinmobiliariamls.com/medellin/santa-maria-de-los-angeles/1/235931
50000.0,53.0,2.0,Tranvía,Rionegro,2022-08-28,3.0,6.146476,-75.371821,1.0,135000000.0,Images/235933.jpeg,https://www.redinmobiliariamls.com/rionegro/tranvia/1/235933
130000.0,39.94,1.0,Vergel,San Antonio de Prado,2022-08-28,2.0,6.179617,-75.656403,0.0,165000000.0,Images/235934.jpeg,https://www.redinmobiliariamls.com/san-antonio-de-prado/vergel/1/235934
205000.0,68.22,2.0,Belén Rodeo Alto,Medellín,2022-08-09,3.0,6.202308,-75.602253,1.0,275000000.0,Images/235937.jpeg,https://www.redinmobiliariamls.com/medellin/belen-rodeo-alto/1/235937
295300.0,33.0,1.0,Patio Bonito,Medellín,2022-08-28,1.0,6.208158,-75.574292,0.0,430000000.0,Images/235940.jpeg,https://www.redinmobiliariamls.com/medellin/patio-bonito/1/235940
305900.0,33.0,1.0,Patio Bonito,Medellín,2022-08-09,1.0,6.208158,-75.574292,1.0,440000000.0,Images/235941.jpeg,https://www.redinmobiliariamls.com/medellin/patio-bonito/1/235941
125000.0,68.0,2.0,Asdesillas,Sabaneta,2022-08-28,2.0,6.154423,-75.604105,1.0,340000000.0,Images/235942.jpeg,https://www.redinmobiliariamls.com/sabaneta/asdesillas/1/235942
305900.0,44.0,1.0,San Diego,Medellín,2022-08-28,1.0,6.229901,-75.568869,1.0,390000000.0,Images/235943.jpeg,https://www.redinmobiliariamls.com/medellin/san-diego/1/235943
178000.0,62.0,2.0,Madera,Bello,2022-08-28,3.0,6.314104,-75.551476,1.0,230000000.0,Images/235945.jpeg,https://www.redinmobiliariamls.com/bello/madera/1/235945
230000.0,72.53,2.0,Loma de San Jose,Sabaneta,2022-08-28,2.0,6.15088,-75.623677,1.0,340000000.0,Images/235946.jpeg,https://www.redinmobiliariamls.com/sabaneta/loma-de-san-jose/1/235946
412000.0,123.0,2.0,Jardines,Envigado,2022-08-28,3.0,6.180827,-75.583511,1.0,730000000.0,Images/235947.jpeg,https://www.redinmobiliariamls.com/envigado/jardines/1/235947
198000.0,64.35,2.0,Las Acacias,Itagüí,2022-08-28,2.0,6.176214,-75.60799,,323000000.0,Images/235949.jpeg,https://www.redinmobiliariamls.com/itagi/las-acacias/1/235949
826202.0,165.4,3.0,El Campestre,Medellín,2022-08-28,3.0,6.184431,-75.567134,2.0,830000000.0,Images/235950.jpeg,https://www.redinmobiliariamls.com/medellin/el-campestre/1/235950
,199.0,3.0,El Esmeraldal,Envigado,2022-08-28,3.0,6.172616,-75.568577,2.0,1050000000.0,Images/235951.jpeg,https://www.redinmobiliariamls.com/envigado/el-esmeraldal/1/235951
344000.0,81.0,2.0,Belén Rosales,Medellín,2022-08-28,3.0,6.236972,-75.594718,1.0,490000000.0,Images/235952.jpeg,https://www.redinmobiliariamls.com/medellin/belen-rosales/1/235952
420000.0,114.0,2.0,El Chocho,Envigado,2022-08-28,3.0,6.167195,-75.571133,2.0,780000000.0,Images/235953.jpeg,https://www.redinmobiliariamls.com/envigado/el-chocho/1/235953
1053700.0,210.0,3.0,Alejandría,Medellín,2022-08-28,3.0,6.256602,-75.575637,2.0,950000000.0,Images/235955.jpeg,https://www.redinmobiliariamls.com/medellin/alejandria/1/235955
90000.0,220.0,3.0,Las Acacias,Medellín,2022-08-28,4.0,6.239889,-75.599507,1.0,700000000.0,Images/235960.jpeg,https://www.redinmobiliariamls.com/medellin/las-acacias/1/235960
415000.0,91.7,2.0,Provenza,Medellín,2022-08-28,3.0,6.205226,-75.564045,1.0,600000000.0,Images/235961.jpeg,https://www.redinmobiliariamls.com/medellin/provenza/1/235961
320000.0,72.1,2.0,Alto de Misael,Envigado,2022-08-28,3.0,6.173911,-75.576907,1.0,350000000.0,Images/235962.jpeg,https://www.redinmobiliariamls.com/envigado/alto-de-misael/1/235962
160000.0,60.0,2.0,Los Colores,Medellín,2022-08-28,3.0,6.266584,-75.59246,0.0,285000000.0,Images/235963.jpeg,https://www.redinmobiliariamls.com/medellin/los-colores/1/235963
754013.0,134.0,2.0,Loma de los Parra,Medellín,2022-08-28,2.0,6.256602,-75.575637,2.0,790000000.0,Images/235964.jpeg,https://www.redinmobiliariamls.com/medellin/loma-de-los-parra/1/235964
500000.0,76.0,2.0,San Germán,Medellín,2022-08-28,2.0,6.27503,-75.591344,1.0,499000000.0,Images/235966.jpeg,https://www.redinmobiliariamls.com/medellin/san-german/1/235966
100000.0,39.0,1.0,El Chagualo,Medellín,2022-08-28,3.0,6.256602,-75.575637,0.0,160000000.0,Images/235967.jpeg,https://www.redinmobiliariamls.com/medellin/el-chagualo/1/235967
1049315.0,192.17,2.0,Altos del Poblado,Medellín,2022-08-28,3.0,6.216244,-75.551071,2.0,1150000000.0,Images/235969.jpeg,https://www.redinmobiliariamls.com/medellin/altos-del-poblado/1/235969
1374965.0,254.42,3.0,Altos del Poblado,Medellín,2022-08-28,3.0,6.216171,-75.551347,3.0,1300000000.0,Images/235970.jpeg,https://www.redinmobiliariamls.com/medellin/altos-del-poblado/1/235970
57000.0,42.0,1.0,Urbano,San Antonio de Prado,2022-08-28,2.0,6.256602,-75.575637,0.0,168000000.0,Images/235971.jpeg,https://www.redinmobiliariamls.com/san-antonio-de-prado/urbano/1/235971
950000.0,194.0,2.0,Alto de las Palmas ,Envigado,2022-08-28,2.0,6.188937,-75.547097,2.0,1350000000.0,Images/235973.jpeg,https://www.redinmobiliariamls.com/envigado/alto-de-las-palmas-/1/235973
267000.0,62.25,2.0,V. Pan de Azúcar,Sabaneta,2022-08-28,2.0,6.146101,-75.625805,1.0,325000000.0,Images/235974.jpeg,https://www.redinmobiliariamls.com/sabaneta/v-pan-de-azucar/1/235974
680000.0,176.38,3.0,La Tomatera,Medellín,2022-08-28,3.0,6.205087,-75.570461,2.0,1040000000.0,Images/235975.jpeg,https://www.redinmobiliariamls.com/medellin/la-tomatera/1/235975
450000.0,69.6,2.0,San Lucas,Medellín,2022-08-28,1.0,6.182146,-75.565719,1.0,535000000.0,Images/235976.jpeg,https://www.redinmobiliariamls.com/medellin/san-lucas/1/235976
534600.0,135.0,2.0,La Calera,Medellín,2022-08-28,2.0,6.256602,-75.575637,1.0,880000000.0,Images/235977.jpeg,https://www.redinmobiliariamls.com/medellin/la-calera/1/235977
,38.0,1.0,Urbano,San Antonio de Prado,2022-08-28,2.0,6.175456,-75.647824,0.0,120000000.0,Images/235979.jpeg,https://www.redinmobiliariamls.com/san-antonio-de-prado/urbano/1/235979
260000.0,83.0,2.0,Villas del Carmen,Sabaneta,2022-08-28,3.0,6.256602,-75.575637,1.0,455000000.0,Images/235980.jpeg,https://www.redinmobiliariamls.com/sabaneta/villas-del-carmen/1/235980
167721.0,63.55,2.0,La Colina,Itagüí,2022-08-28,3.0,6.196048,-75.595548,1.0,350000000.0,Images/235984.jpeg,https://www.redinmobiliariamls.com/itagi/la-colina/1/235984
579000.0,125.0,4.0,El Campestre,Medellín,2022-08-28,3.0,6.256602,-75.575637,2.0,540000000.0,Images/235985.jpeg,https://www.redinmobiliariamls.com/medellin/el-campestre/1/235985
129600.0,59.0,2.0,Loma de San Jose,Sabaneta,2022-08-28,3.0,6.136176,-75.618115,0.0,208000000.0,Images/235986.jpeg,https://www.redinmobiliariamls.com/sabaneta/loma-de-san-jose/1/235986
743000.0,217.5,3.0,Altos del Poblado,Medellín,2022-08-28,3.0,6.256602,-75.575637,2.0,1300000000.0,Images/235990.jpeg,https://www.redinmobiliariamls.com/medellin/altos-del-poblado/1/235990
446102.0,82.12,2.0,Castropol,Medellín,2022-08-28,2.0,6.215472,-75.567001,2.0,440000000.0,Images/235991.jpeg,https://www.redinmobiliariamls.com/medellin/castropol/1/235991
,87.23,2.0,Las Vegas,Envigado,2022-08-28,3.0,6.16179,-75.60442,1.0,629000000.0,Images/235995.jpeg,https://www.redinmobiliariamls.com/envigado/las-vegas/1/235995
150000.0,47.0,1.0,Navarra,Bello,2022-08-28,2.0,6.344409,-75.532212,1.0,195000000.0,Images/235996.jpeg,https://www.redinmobiliariamls.com/bello/navarra/1/235996
186000.0,40.0,1.0,El Campestre,Medellín,2022-08-28,1.0,6.188324,-75.569062,1.0,260000000.0,Images/236000.jpeg,https://www.redinmobiliariamls.com/medellin/el-campestre/1/236000
302000.0,79.0,2.0,Las Palmas,Medellín,2022-08-28,3.0,6.256602,-75.575637,2.0,455000000.0,Images/236003.jpeg,https://www.redinmobiliariamls.com/medellin/las-palmas/1/236003
341300.0,89.47,2.0,Loma del Indio,Medellín,2022-08-28,3.0,6.23154,-75.56808,1.0,300000000.0,Images/236004.jpeg,https://www.redinmobiliariamls.com/medellin/loma-del-indio/1/236004
621803.0,242.45,3.0,Altos del Poblado,Medellín,2022-08-28,3.0,6.213617,-75.553879,2.0,1150000000.0,Images/236005.jpeg,https://www.redinmobiliariamls.com/medellin/altos-del-poblado/1/236005
,130.6,3.0,Cabañas,Bello,2022-08-28,3.0,6.316068,-75.557989,1.0,450000000.0,Images/236006.jpeg,https://www.redinmobiliariamls.com/bello/cabanas/1/236006
200000.0,65.0,2.0,Belén Rodeo Alto,Medellín,2022-08-28,3.0,6.202458,-75.60219,1.0,260000000.0,Images/236008.jpeg,https://www.redinmobiliariamls.com/medellin/belen-rodeo-alto/1/236008
640000.0,137.0,3.0,La Calera,Medellín,2022-08-28,3.0,6.203623,-75.55343,2.0,830000000.0,Images/236009.jpeg,https://www.redinmobiliariamls.com/medellin/la-calera/1/236009
,71.5,2.0,Cabañas,Bello,2022-08-28,3.0,6.316068,-75.557989,1.0,300000000.0,Images/236010.jpeg,https://www.redinmobiliariamls.com/bello/cabanas/1/236010
561000.0,90.0,2.0,Alto de las Palmas ,Medellín,2022-08-28,2.0,6.256602,-75.575637,2.0,750000000.0,Images/236011.jpeg,https://www.redinmobiliariamls.com/medellin/alto-de-las-palmas-/1/236011
760000.0,179.0,3.0,La Toja,Medellín,2022-08-28,3.0,6.186569,-75.566098,2.0,690000000.0,Images/236012.jpeg,https://www.redinmobiliariamls.com/medellin/la-toja/1/236012
,111.0,3.0,Las Palmas,Medellín,2022-08-28,3.0,6.224279,-75.561671,2.0,840000000.0,Images/236013.jpeg,https://www.redinmobiliariamls.com/medellin/las-palmas/1/236013
146000.0,54.0,2.0,El Mirador,Bello,2022-08-28,3.0,6.256602,-75.575637,1.0,175000000.0,Images/236014.jpeg,https://www.redinmobiliariamls.com/bello/el-mirador/1/236014
130000.0,48.0,2.0,Robledo,Medellín,2022-08-28,3.0,6.256602,-75.575637,0.0,168000000.0,Images/236015.jpeg,https://www.redinmobiliariamls.com/medellin/robledo/1/236015
320000.0,92.0,2.0,San Diego,Medellín,2022-08-28,4.0,6.230821,-75.567803,1.0,310000000.0,Images/236016.jpeg,https://www.redinmobiliariamls.com/medellin/san-diego/1/236016
661578.0,90.0,2.0,Alto de las Palmas ,Medellín,2022-08-28,2.0,6.256602,-75.575637,2.0,700000000.0,Images/236017.jpeg,https://www.redinmobiliariamls.com/medellin/alto-de-las-palmas-/1/236017
,72.0,1.0,Urbano (La Ceja),La Ceja,2022-08-28,2.0,6.032926,-75.43497,0.0,230000000.0,Images/236018.jpeg,https://www.redinmobiliariamls.com/la-ceja/urbano-la-ceja/1/236018
890000.0,220.0,3.0,Alejandría,Medellín,2022-08-28,3.0,6.256602,-75.575637,3.0,1280000000.0,Images/236019.jpeg,https://www.redinmobiliariamls.com/medellin/alejandria/1/236019
,77.8,2.0,Las Antillas,Envigado,2022-08-28,3.0,6.154336,-75.586199,1.0,350000000.0,Images/236020.jpeg,https://www.redinmobiliariamls.com/envigado/las-antillas/1/236020
,110.0,2.0,Urbano (La Ceja),La Ceja,2022-08-28,3.0,6.031798,-75.431005,0.0,330000000.0,Images/236021.jpeg,https://www.redinmobiliariamls.com/la-ceja/urbano-la-ceja/1/236021
25000.0,74.0,2.0,María Auxiliadora,Sabaneta,2022-08-28,3.0,6.256602,-75.575637,0.0,260000000.0,Images/236022.jpeg,https://www.redinmobiliariamls.com/sabaneta/maria-auxiliadora/1/236022
25000.0,74.0,2.0,María Auxiliadora,Sabaneta,2022-08-28,3.0,6.256602,-75.575637,0.0,260000000.0,Images/236024.jpeg,https://www.redinmobiliariamls.com/sabaneta/maria-auxiliadora/1/236024
25000.0,63.0,2.0,María Auxiliadora,Sabaneta,2022-08-28,2.0,6.256602,-75.575637,0.0,232000000.0,Images/236025.jpeg,https://www.redinmobiliariamls.com/sabaneta/maria-auxiliadora/1/236025
25000.0,63.0,2.0,María Auxiliadora,Sabaneta,2022-08-28,2.0,6.256602,-75.575637,0.0,232000000.0,Images/236026.jpeg,https://www.redinmobiliariamls.com/sabaneta/maria-auxiliadora/1/236026
25000.0,63.0,2.0,María Auxiliadora,Sabaneta,2022-08-28,2.0,6.256602,-75.575637,0.0,232000000.0,Images/236027.jpeg,https://www.redinmobiliariamls.com/sabaneta/maria-auxiliadora/1/236027
330000.0,99.96,2.0,La Frontera,Envigado,2022-08-28,3.0,6.181775,-75.577134,2.0,620000000.0,Images/236031.jpeg,https://www.redinmobiliariamls.com/envigado/la-frontera/1/236031
365358.0,73.5,2.0,El Rosario,Itagüí,2022-08-28,3.0,6.170864,-75.609878,,325000000.0,Images/236032.jpeg,https://www.redinmobiliariamls.com/itagi/el-rosario/1/236032
164000.0,60.44,1.0,Loma del Escobero,Envigado,2022-08-28,1.0,6.159642,-75.572011,1.0,395000000.0,Images/236034.jpeg,https://www.redinmobiliariamls.com/envigado/loma-del-escobero/1/236034
127800.0,53.21,2.0,Santa Ana,Bello,2022-08-28,2.0,6.327911,-75.565478,1.0,215000000.0,Images/236045.jpeg,https://www.redinmobiliariamls.com/bello/santa-ana/1/236045
58000.0,62.0,2.0,Urbano,El Carmen,2022-08-28,2.0,6.03289,-75.435687,0.0,220000000.0,Images/236046.jpeg,https://www.redinmobiliariamls.com/el-carmen/urbano/1/236046
900000.0,193.0,3.0,Alejandría,Medellín,2022-08-28,3.0,6.199757,-75.568022,2.0,1780000000.0,Images/236047.jpeg,https://www.redinmobiliariamls.com/medellin/alejandria/1/236047
,35.0,1.0,Santa Mónica,Medellín,2022-08-28,1.0,6.247515,-75.614021,0.0,140000000.0,Images/236051.jpeg,https://www.redinmobiliariamls.com/medellin/santa-monica/1/236051
186000.0,48.0,2.0,Sector Los Colegios,Rionegro,2022-08-28,2.0,6.152024,-75.367827,1.0,250000000.0,Images/236052.jpeg,https://www.redinmobiliariamls.com/rionegro/sector-los-colegios/1/236052
160000.0,54.0,2.0,Tranvía,Rionegro,2022-08-28,2.0,6.157579,-75.363775,0.0,142000000.0,Images/236054.jpeg,https://www.redinmobiliariamls.com/rionegro/tranvia/1/236054
30000.0,84.0,2.0,La Magnolia,Envigado,2022-08-28,3.0,6.174099,-75.583117,1.0,305000000.0,Images/236056.jpeg,https://www.redinmobiliariamls.com/envigado/la-magnolia/1/236056
418000.0,102.0,2.0,Castropol,Medellín,2022-08-28,3.0,6.2191,-75.566856,1.0,560000000.0,Images/236057.jpeg,https://www.redinmobiliariamls.com/medellin/castropol/1/236057
,64.02,2.0,Las Palmas,Medellín,2022-08-28,2.0,6.291424,-75.581093,1.0,480000000.0,Images/236058.jpeg,https://www.redinmobiliariamls.com/medellin/las-palmas/1/236058
600000.0,136.8,3.0,Castropol,Medellín,2022-08-28,3.0,6.216536,-75.567447,2.0,998000000.0,Images/236059.jpeg,https://www.redinmobiliariamls.com/medellin/castropol/1/236059
,113.2,1.0,Campo Amor,Medellín,2022-08-28,3.0,6.213461,-75.586313,0.0,280000000.0,Images/236061.jpeg,https://www.redinmobiliariamls.com/medellin/campo-amor/1/236061
777639.0,145.02,2.0,Las Santas,Medellín,2022-08-28,2.0,6.205939,-75.559641,2.0,810000000.0,Images/236062.jpeg,https://www.redinmobiliariamls.com/medellin/las-santas/1/236062
560000.0,176.67,3.0,El Poblado,Medellín,2022-08-28,3.0,6.191146,-75.564238,2.0,1100000000.0,Images/236064.jpeg,https://www.redinmobiliariamls.com/medellin/el-poblado/1/236064
,99.0,1.0,La Palma,Medellín,2022-08-28,4.0,6.225847,-75.604108,0.0,350000000.0,Images/236065.jpeg,https://www.redinmobiliariamls.com/medellin/la-palma/1/236065
980000.0,220.0,4.0,El Tesoro,Medellín,2022-08-28,3.0,6.256602,-75.575637,2.0,880000000.0,Images/236067.jpeg,https://www.redinmobiliariamls.com/medellin/el-tesoro/1/236067
136224.0,87.73,2.0,Guayabal,Medellín,2022-08-28,3.0,6.207975,-75.585746,0.0,332001000.0,Images/236072.jpeg,https://www.redinmobiliariamls.com/medellin/guayabal/1/236072
135708.0,77.86,2.0,Guayabal,Medellín,2022-08-28,3.0,6.208295,-75.585446,0.0,288082000.0,Images/236073.jpeg,https://www.redinmobiliariamls.com/medellin/guayabal/1/236073
156000.0,54.74,2.0,Niquia,Bello,2022-08-28,3.0,6.342342,-75.551665,0.0,210000000.0,Images/236074.jpeg,https://www.redinmobiliariamls.com/bello/niquia/1/236074
912900.0,265.0,5.0,Centro,Medellín,2022-08-28,7.0,6.250166,-75.563927,2.0,750000000.0,Images/236075.jpeg,https://www.redinmobiliariamls.com/medellin/centro/1/236075
168000.0,69.0,2.0,Ditaires,Itagüí,2022-08-28,3.0,6.256602,-75.575637,1.0,285000000.0,Images/236076.jpeg,https://www.redinmobiliariamls.com/itagi/ditaires/1/236076
740000.0,189.9,2.0,El Tesoro,Medellín,2022-08-28,3.0,6.200984,-75.558561,3.0,750000000.0,Images/236077.jpeg,https://www.redinmobiliariamls.com/medellin/el-tesoro/1/236077
260000.0,140.0,2.0,Conquistadores,Medellín,2022-08-28,3.0,6.240234,-75.582063,1.0,450000000.0,Images/236078.jpeg,https://www.redinmobiliariamls.com/medellin/conquistadores/1/236078
200000.0,134.0,3.0,Lorena,Medellín,2022-08-28,4.0,6.256602,-75.575637,1.0,871000000.0,Images/236080.jpeg,https://www.redinmobiliariamls.com/medellin/lorena/1/236080
745000.0,167.0,4.0,Laureles,Medellín,2022-08-28,3.0,6.256602,-75.575637,2.0,1380000000.0,Images/236081.jpeg,https://www.redinmobiliariamls.com/medellin/laureles/1/236081
50000.0,53.0,2.0,Tranvía,Rionegro,2022-08-28,3.0,6.146476,-75.371821,1.0,176000000.0,Images/236083.jpeg,https://www.redinmobiliariamls.com/rionegro/tranvia/1/236083
132000.0,130.0,2.0,Robledo,Medellín,2022-08-28,4.0,6.278953,-75.580277,1.0,260000000.0,Images/236088.jpeg,https://www.redinmobiliariamls.com/medellin/robledo/1/236088
530000.0,154.0,3.0,Castropol,Medellín,2022-08-28,3.0,6.218619,-75.568535,2.0,1100000000.0,Images/236089.jpeg,https://www.redinmobiliariamls.com/medellin/castropol/1/236089
307090.0,78.25,2.0,La Doctora,Sabaneta,2022-08-28,3.0,6.143507,-75.616511,1.0,390000000.0,Images/236092.jpeg,https://www.redinmobiliariamls.com/sabaneta/la-doctora/1/236092
337000.0,88.0,2.0,San Diego,Medellín,2022-08-28,3.0,6.256602,-75.575637,1.0,390000000.0,Images/236094.jpeg,https://www.redinmobiliariamls.com/medellin/san-diego/1/236094
,47.5,1.0,Las Palmas,Medellín,2022-08-28,2.0,6.239675,-75.56478,0.0,165000000.0,Images/236097.jpeg,https://www.redinmobiliariamls.com/medellin/las-palmas/1/236097
353000.0,46.0,1.0,Llanogrande,Rionegro,2022-08-28,1.0,6.256602,-75.575637,1.0,320000000.0,Images/236098.jpeg,https://www.redinmobiliariamls.com/rionegro/llanogrande/1/236098
548000.0,118.6,2.0,Loma de Cumbres,Envigado,2022-08-28,3.0,6.167166,-75.573359,2.0,640000000.0,Images/236100.jpeg,https://www.redinmobiliariamls.com/envigado/loma-de-cumbres/1/236100
230900.0,75.45,2.0,El Porvenir,Rionegro,2022-08-28,3.0,6.318885,-75.518443,1.0,470000000.0,Images/236101.jpeg,https://www.redinmobiliariamls.com/rionegro/el-porvenir/1/236101
220000.0,79.13,2.0,Niquia,Bello,2022-08-28,3.0,6.338336,-75.540952,1.0,350000000.0,Images/236104.jpeg,https://www.redinmobiliariamls.com/bello/niquia/1/236104
800000.0,150.0,3.0,Santa Teresita,Medellín,2022-08-28,4.0,6.241594,-75.599032,4.0,750000000.0,Images/236106.jpeg,https://www.redinmobiliariamls.com/medellin/santa-teresita/1/236106
140000.0,56.2,2.0,V. Fontibon ,Rionegro,2022-08-28,3.0,6.166886,-75.377156,1.0,275000000.0,Images/236107.jpeg,https://www.redinmobiliariamls.com/rionegro/v-fontibon-/1/236107
280000.0,84.0,2.0,Los Colores,Medellín,2022-08-28,3.0,6.256602,-75.575637,1.0,540000000.0,Images/236110.jpeg,https://www.redinmobiliariamls.com/medellin/los-colores/1/236110
349263.0,107.55,3.0,Zuñiga,Envigado,2022-08-28,3.0,6.182876,-75.581111,1.0,500000000.0,Images/236111.jpeg,https://www.redinmobiliariamls.com/envigado/zuniga/1/236111
275000.0,68.0,2.0,Señorial,Envigado,2022-08-28,2.0,6.158956,-75.598987,1.0,340000000.0,Images/236112.jpeg,https://www.redinmobiliariamls.com/envigado/senorial/1/236112
750000.0,150.0,3.0,Las Lomas Nº 2,Medellín,2022-08-28,3.0,6.256602,-75.575637,2.0,860000000.0,Images/236113.jpeg,https://www.redinmobiliariamls.com/medellin/las-lomas-n-2/1/236113
65000.0,124.0,2.0,Almerí­a,Medellín,2022-08-28,3.0,6.245324,-75.61238,1.0,500000000.0,Images/236115.jpeg,https://www.redinmobiliariamls.com/medellin/almeria/1/236115
530000.0,115.0,3.0,El Tesoro,Medellín,2022-08-28,3.0,6.256602,-75.575637,2.0,750000000.0,Images/236117.jpeg,https://www.redinmobiliariamls.com/medellin/el-tesoro/1/236117
360000.0,68.0,2.0,Loma de San Jose,Sabaneta,2022-08-28,3.0,6.256602,-75.575637,1.0,360000000.0,Images/236118.jpeg,https://www.redinmobiliariamls.com/sabaneta/loma-de-san-jose/1/236118
289000.0,62.0,2.0,El Chinguí,Envigado,2022-08-28,2.0,6.15464,-75.574906,1.0,345000000.0,Images/236119.jpeg,https://www.redinmobiliariamls.com/envigado/el-chingui/1/236119
,64.9,2.0,Virgen del Carmen,Sabaneta,2022-08-28,2.0,6.256602,-75.575637,,350000000.0,Images/236120.jpeg,https://www.redinmobiliariamls.com/sabaneta/virgen-del-carmen/1/236120
,55.0,2.0,Autopista (Marinilla),Marinilla,2022-08-28,2.0,6.178571,-75.360343,1.0,315000000.0,Images/236121.jpeg,https://www.redinmobiliariamls.com/marinilla/autopista-marinilla/1/236121
400000.0,128.0,4.0,Loma de Las Brujas,Envigado,2022-08-28,3.0,6.160197,-75.57594,2.0,750000000.0,Images/236122.jpeg,https://www.redinmobiliariamls.com/envigado/loma-de-las-brujas/1/236122
245000.0,66.3,2.0,V. Pan de Azúcar,Sabaneta,2022-08-28,2.0,6.146332,-75.627217,1.0,360000000.0,Images/236123.jpeg,https://www.redinmobiliariamls.com/sabaneta/v-pan-de-azucar/1/236123
220000.0,82.5,2.0,Calasanz,Medellín,2022-08-28,3.0,6.274741,-75.596271,1.0,385000000.0,Images/236124.jpeg,https://www.redinmobiliariamls.com/medellin/calasanz/1/236124
262000.0,78.63,2.0,San Diego,Medellín,2022-08-28,3.0,6.229566,-75.563798,1.0,385000000.0,Images/236126.jpeg,https://www.redinmobiliariamls.com/medellin/san-diego/1/236126
255000.0,39.0,1.0,Belén,Medellín,2022-08-28,2.0,6.256602,-75.575637,1.0,255000000.0,Images/236127.jpeg,https://www.redinmobiliariamls.com/medellin/belen/1/236127
,52.68,2.0,Santa Ana,Bello,2022-08-28,3.0,6.331008,-75.567642,0.0,170000000.0,Images/236128.jpeg,https://www.redinmobiliariamls.com/bello/santa-ana/1/236128
142588.0,81.11,2.0,Guayabal,Medellín,2022-08-28,3.0,6.206716,-75.586304,0.0,300107000.0,Images/236129.jpeg,https://www.redinmobiliariamls.com/medellin/guayabal/1/236129
232800.0,64.8,2.0,Restrepo Naranjo,Sabaneta,2022-08-28,2.0,6.155109,-75.608567,1.0,300000000.0,Images/236130.jpeg,https://www.redinmobiliariamls.com/sabaneta/restrepo-naranjo/1/236130
267600.0,97.0,2.0,San José Obrero,Bello,2022-08-28,3.0,6.324725,-75.560145,2.0,500000000.0,Images/236131.jpeg,https://www.redinmobiliariamls.com/bello/san-jose-obrero/1/236131
121000.0,55.66,2.0,Fontidueño,Bello,2022-08-28,3.0,6.33012,-75.539782,0.0,150000000.0,Images/236132.jpeg,https://www.redinmobiliariamls.com/bello/fontidueno/1/236132
160000.0,57.0,2.0,V. Fontibon ,Rionegro,2022-08-28,3.0,6.159734,-75.37194,1.0,275000000.0,Images/236133.jpeg,https://www.redinmobiliariamls.com/rionegro/v-fontibon-/1/236133
220000.0,51.89,2.0,Cabañas,Bello,2022-08-28,3.0,6.320374,-75.56744,1.0,280000000.0,Images/236134.jpeg,https://www.redinmobiliariamls.com/bello/cabanas/1/236134
,72.0,2.0,Ciudad del Rio,Medellín,2022-08-28,2.0,6.224259,-75.573249,1.0,650000000.0,Images/236135.jpeg,https://www.redinmobiliariamls.com/medellin/ciudad-del-rio/1/236135
120000.0,49.0,1.0,Santa Ana,Bello,2022-08-28,3.0,6.327988,-75.570058,0.0,205000000.0,Images/236136.jpeg,https://www.redinmobiliariamls.com/bello/santa-ana/1/236136
,115.28,3.0,Los Alpes,Medellín,2022-08-28,4.0,6.229339,-75.605704,1.0,600000000.0,Images/236137.jpeg,https://www.redinmobiliariamls.com/medellin/los-alpes/1/236137
155000.0,75.0,1.0,Nogal,Medellín,2022-08-28,2.0,6.23743,-75.595233,0.0,400000000.0,Images/236138.jpeg,https://www.redinmobiliariamls.com/medellin/nogal/1/236138
260000.0,63.44,1.0,Loma del Escobero,Envigado,2022-08-28,1.0,6.256602,-75.575637,2.0,450000000.0,Images/236139.jpeg,https://www.redinmobiliariamls.com/envigado/loma-del-escobero/1/236139
325000.0,120.0,2.0,Loma de Benedictinos,Envigado,2022-08-28,2.0,6.178316,-75.573577,2.0,785000000.0,Images/236140.jpeg,https://www.redinmobiliariamls.com/envigado/loma-de-benedictinos/1/236140
200000.0,67.0,2.0,San Germán,Medellín,2022-08-28,3.0,6.273459,-75.592344,1.0,380000000.0,Images/236141.jpeg,https://www.redinmobiliariamls.com/medellin/san-german/1/236141
337000.0,86.0,2.0,San Diego,Medellín,2022-08-28,3.0,6.232328,-75.567698,1.0,340000000.0,Images/236142.jpeg,https://www.redinmobiliariamls.com/medellin/san-diego/1/236142
334000.0,72.0,2.0,Bolivariana,Medellín,2022-08-28,2.0,6.237006,-75.591571,1.0,320000000.0,Images/236143.jpeg,https://www.redinmobiliariamls.com/medellin/bolivariana/1/236143
899940.0,208.0,3.0,Loma de Las Brujas,Envigado,2022-08-28,3.0,6.162614,-75.576944,3.0,1350000000.0,Images/236144.jpeg,https://www.redinmobiliariamls.com/envigado/loma-de-las-brujas/1/236144
195000.0,62.0,2.0,Calasanz,Medellín,2022-08-28,3.0,6.266595,-75.608382,1.0,363000000.0,Images/236145.jpeg,https://www.redinmobiliariamls.com/medellin/calasanz/1/236145
515000.0,145.6,2.0,La Visitación,Medellín,2022-08-28,4.0,6.195459,-75.564052,2.0,630000000.0,Images/236146.jpeg,https://www.redinmobiliariamls.com/medellin/la-visitacion/1/236146
520000.0,88.0,2.0,El Diamante Nº 2,Medellín,2022-08-28,3.0,6.18212,-75.573917,1.0,415000000.0,Images/236147.jpeg,https://www.redinmobiliariamls.com/medellin/el-diamante-n-2/1/236147
115000.0,42.0,1.0,La Pradera,San Antonio de Prado,2022-08-28,2.0,6.256602,-75.575637,0.0,150000000.0,Images/236148.jpeg,https://www.redinmobiliariamls.com/san-antonio-de-prado/la-pradera/1/236148
350000.0,76.2,3.0,Malibú,Medellín,2022-08-28,2.0,6.235972,-75.590117,1.0,500000000.0,Images/236150.jpeg,https://www.redinmobiliariamls.com/medellin/malibu/1/236150
302000.0,82.5,2.0,La Cuenca,Envigado,2022-08-28,3.0,6.256602,-75.575637,1.0,470000000.0,Images/236151.jpeg,https://www.redinmobiliariamls.com/envigado/la-cuenca/1/236151
350000.0,63.0,2.0,V. La Fe,El Retiro,2022-08-28,2.0,6.060955,-75.502581,1.0,472000000.0,Images/236152.jpeg,https://www.redinmobiliariamls.com/el-retiro/v-la-fe/1/236152
,69.0,1.0,José Félix de Restrepo,Envigado,2022-08-28,3.0,6.256602,-75.575637,0.0,280000000.0,Images/236154.jpeg,https://www.redinmobiliariamls.com/envigado/jose-felix-de-restrepo/1/236154
165000.0,93.0,2.0,Nogal,Medellín,2022-08-28,3.0,6.23743,-75.595233,1.0,430000000.0,Images/236157.jpeg,https://www.redinmobiliariamls.com/medellin/nogal/1/236157
165000.0,93.0,2.0,Nogal,Medellín,2022-08-28,3.0,6.23743,-75.595233,1.0,430000000.0,Images/236158.jpeg,https://www.redinmobiliariamls.com/medellin/nogal/1/236158
440000.0,102.5,2.0,Las Vegas,Envigado,2022-08-28,3.0,6.181238,-75.586501,2.0,490000000.0,Images/236160.jpeg,https://www.redinmobiliariamls.com/envigado/las-vegas/1/236160
,60.0,1.0,V. Pedregal,Itagüí,2022-08-28,3.0,6.256602,-75.575637,0.0,160000000.0,Images/236161.jpeg,https://www.redinmobiliariamls.com/itagi/v-pedregal/1/236161
1890000.0,167.0,3.0,Castillogrande,Cartagena,2022-08-28,3.0,10.39401,-75.552401,1.0,1890000000.0,Images/236162.jpeg,https://www.redinmobiliariamls.com/cartagena/castillogrande/1/236162
25000.0,63.0,2.0,María Auxiliadora,Sabaneta,2022-08-28,2.0,6.256602,-75.575637,0.0,232000000.0,Images/236164.jpeg,https://www.redinmobiliariamls.com/sabaneta/maria-auxiliadora/1/236164
255800.0,65.0,2.0,El Chocho,Envigado,2022-08-28,2.0,6.190936,-75.579157,1.0,420000000.0,Images/236167.jpeg,https://www.redinmobiliariamls.com/envigado/el-chocho/1/236167
220000.0,77.0,2.0,La Doctora,Sabaneta,2022-08-28,3.0,6.144006,-75.614462,1.0,325000000.0,Images/236168.jpeg,https://www.redinmobiliariamls.com/sabaneta/la-doctora/1/236168
604000.0,134.0,3.0,Alejandría,Medellín,2022-08-28,3.0,6.194883,-75.571015,2.0,1100000000.0,Images/236169.jpeg,https://www.redinmobiliariamls.com/medellin/alejandria/1/236169
300000.0,66.0,2.0,El Chinguí,Envigado,2022-08-28,3.0,6.256602,-75.575637,1.0,315000000.0,Images/236170.jpeg,https://www.redinmobiliariamls.com/envigado/el-chingui/1/236170
50000.0,69.48,2.0,Guayabal,Medellín,2022-08-28,3.0,6.206875,-75.585696,0.0,235000000.0,Images/236172.jpeg,https://www.redinmobiliariamls.com/medellin/guayabal/1/236172
100000.0,34.0,1.0,Urbano,San Antonio de Prado,2022-08-28,2.0,6.256602,-75.575637,0.0,120000000.0,Images/236173.jpeg,https://www.redinmobiliariamls.com/san-antonio-de-prado/urbano/1/236173
551220.0,112.0,2.0,V. Vilachuaga,Rionegro,2022-08-28,2.0,6.110088,-75.406465,1.0,950000000.0,Images/236175.jpeg,https://www.redinmobiliariamls.com/rionegro/v-vilachuaga/1/236175
280000.0,85.3,2.0,Ciudad del Rio,Medellín,2022-08-28,2.0,6.219988,-75.574051,1.0,590000000.0,Images/236178.jpeg,https://www.redinmobiliariamls.com/medellin/ciudad-del-rio/1/236178
750000.0,169.05,4.0,La Calera,Medellín,2022-08-28,3.0,6.256602,-75.575637,2.0,1100000000.0,Images/236179.jpeg,https://www.redinmobiliariamls.com/medellin/la-calera/1/236179
240000.0,69.3,2.0,V. Las Lomitas,Sabaneta,2022-08-28,3.0,6.150485,-75.616878,1.0,360868000.0,Images/236181.jpeg,https://www.redinmobiliariamls.com/sabaneta/v-las-lomitas/1/236181
40000.0,136.5,2.0,Barrio Mesa,Envigado,2022-08-28,4.0,6.168573,-75.583509,1.0,380000000.0,Images/236182.jpeg,https://www.redinmobiliariamls.com/envigado/barrio-mesa/1/236182
380000.0,97.41,2.0,La Doctora,Sabaneta,2022-08-28,2.0,6.144628,-75.615284,1.0,380000000.0,Images/236183.jpeg,https://www.redinmobiliariamls.com/sabaneta/la-doctora/1/236183
,76.61,2.0,El Salvador,Medellín,2022-08-28,3.0,6.235438,-75.561262,0.0,250000000.0,Images/236184.jpeg,https://www.redinmobiliariamls.com/medellin/el-salvador/1/236184
145000.0,54.1,2.0,San José Obrero,Bello,2022-08-28,2.0,6.325745,-75.559738,1.0,288000000.0,Images/236185.jpeg,https://www.redinmobiliariamls.com/bello/san-jose-obrero/1/236185
,71.2,2.0,San José Obrero,Bello,2022-08-28,3.0,6.327279,-75.55953,1.0,350000000.0,Images/236186.jpeg,https://www.redinmobiliariamls.com/bello/san-jose-obrero/1/236186
50000.0,45.0,1.0,V. Fontibon ,Rionegro,2022-08-28,2.0,6.158401,-75.37982,0.0,170000000.0,Images/236189.jpeg,https://www.redinmobiliariamls.com/rionegro/v-fontibon-/1/236189
,120.0,3.0,Cristo Rey,Medellín,2022-08-28,3.0,6.205846,-75.582223,0.0,390000000.0,Images/236191.jpeg,https://www.redinmobiliariamls.com/medellin/cristo-rey/1/236191
330000.0,83.37,2.0,Patio Bonito,Medellín,2022-08-28,3.0,6.206371,-75.574542,2.0,530000000.0,Images/236192.jpeg,https://www.redinmobiliariamls.com/medellin/patio-bonito/1/236192
458118.0,137.11,3.0,Lalinde,Medellín,2022-08-28,3.0,6.212422,-75.567662,1.0,530000000.0,Images/236194.jpeg,https://www.redinmobiliariamls.com/medellin/lalinde/1/236194
330000.0,85.7,2.0,Ciudad del Rio,Medellín,2022-08-28,2.0,6.222838,-75.574549,2.0,510000000.0,Images/236195.jpeg,https://www.redinmobiliariamls.com/medellin/ciudad-del-rio/1/236195
415132.0,105.39,2.0,La Calera,Medellín,2022-08-28,2.0,6.256602,-75.575637,2.0,700000000.0,Images/236196.jpeg,https://www.redinmobiliariamls.com/medellin/la-calera/1/236196
134800.0,57.0,1.0,V. Fontibon ,Rionegro,2022-08-28,3.0,6.256602,-75.575637,0.0,155000000.0,Images/236197.jpeg,https://www.redinmobiliariamls.com/rionegro/v-fontibon-/1/236197
,76.0,2.0,Aves Marías,Sabaneta,2022-08-28,3.0,6.14723,-75.612488,1.0,430000000.0,Images/236198.jpeg,https://www.redinmobiliariamls.com/sabaneta/aves-marias/1/236198
215200.0,60.0,1.0,Camino Verde,Envigado,2022-08-28,3.0,6.156652,-75.578695,1.0,230000000.0,Images/236200.jpeg,https://www.redinmobiliariamls.com/envigado/camino-verde/1/236200
1200000.0,132.0,3.0,La Tomatera,Medellín,2022-08-28,3.0,6.256602,-75.575637,2.0,1285000000.0,Images/236201.jpeg,https://www.redinmobiliariamls.com/medellin/la-tomatera/1/236201
550000.0,106.0,2.0,Loma de Cumbres,Envigado,2022-08-28,3.0,6.256602,-75.575637,3.0,690000000.0,Images/236203.jpeg,https://www.redinmobiliariamls.com/envigado/loma-de-cumbres/1/236203
458000.0,124.0,4.0,Loma del Escobero,Envigado,2022-08-28,3.0,6.164697,-75.569884,1.0,799500000.0,Images/236204.jpeg,https://www.redinmobiliariamls.com/envigado/loma-del-escobero/1/236204
789000.0,154.0,3.0,El Tesoro,Medellín,2022-08-28,3.0,6.256602,-75.575637,2.0,680000000.0,Images/236206.jpeg,https://www.redinmobiliariamls.com/medellin/el-tesoro/1/236206
155000.0,55.0,2.0,San Rafael,Envigado,2022-08-28,3.0,6.256602,-75.575637,0.0,215000000.0,Images/236207.jpeg,https://www.redinmobiliariamls.com/envigado/san-rafael/1/236207
560000.0,164.0,4.0,Otraparte,Envigado,2022-08-28,4.0,6.180573,-75.581482,2.0,580000000.0,Images/236211.jpeg,https://www.redinmobiliariamls.com/envigado/otraparte/1/236211
615000.0,75.81,1.0,Alto de las Palmas ,Envigado,2022-08-28,1.0,6.256602,-75.575637,2.0,660000000.0,Images/236212.jpeg,https://www.redinmobiliariamls.com/envigado/alto-de-las-palmas-/1/236212
,66.6,2.0,Las Palmas,Medellín,2022-08-28,2.0,6.256602,-75.575637,1.0,460000000.0,Images/236214.jpeg,https://www.redinmobiliariamls.com/medellin/las-palmas/1/236214
276000.0,88.0,2.0,La Aguacatala,Medellín,2022-08-28,3.0,6.256602,-75.575637,1.0,380000000.0,Images/236215.jpeg,https://www.redinmobiliariamls.com/medellin/la-aguacatala/1/236215
130000.0,95.0,2.0,La Sebastiana,Envigado,2022-08-28,3.0,6.256602,-75.575637,2.0,435000000.0,Images/236216.jpeg,https://www.redinmobiliariamls.com/envigado/la-sebastiana/1/236216
50000.0,135.0,2.0,Las Cometas,Envigado,2022-08-28,4.0,6.256602,-75.575637,0.0,490000000.0,Images/236217.jpeg,https://www.redinmobiliariamls.com/envigado/las-cometas/1/236217
330000.0,98.0,2.0,Patio Bonito,Medellín,2022-08-28,3.0,6.256602,-75.575637,2.0,630000000.0,Images/236218.jpeg,https://www.redinmobiliariamls.com/medellin/patio-bonito/1/236218
210000.0,49.56,1.0,V. Pan de Azúcar,Sabaneta,2022-08-28,1.0,6.148008,-75.61796,1.0,300000000.0,Images/236223.jpeg,https://www.redinmobiliariamls.com/sabaneta/v-pan-de-azucar/1/236223
410600.0,83.0,2.0,Bagatela,Medellín,2022-08-28,3.0,6.256602,-75.575637,1.0,550000000.0,Images/236224.jpeg,https://www.redinmobiliariamls.com/medellin/bagatela/1/236224
821700.0,197.55,3.0,La Tomatera,Medellín,2022-08-28,3.0,6.256602,-75.575637,2.0,830000000.0,Images/236226.jpeg,https://www.redinmobiliariamls.com/medellin/la-tomatera/1/236226
128000.0,53.1,2.0,Niquia,Bello,2022-08-28,3.0,6.330131,-75.539838,1.0,185000000.0,Images/236228.jpeg,https://www.redinmobiliariamls.com/bello/niquia/1/236228
276500.0,72.0,2.0,Prados de Sabaneta,Sabaneta,2022-08-28,3.0,6.14951,-75.622945,1.0,315000000.0,Images/236230.jpeg,https://www.redinmobiliariamls.com/sabaneta/prados-de-sabaneta/1/236230
164850.0,61.91,2.0,Vergel,San Antonio de Prado,2022-08-28,3.0,6.179975,-75.649913,1.0,210000000.0,Images/236232.jpeg,https://www.redinmobiliariamls.com/san-antonio-de-prado/vergel/1/236232
712100.0,127.0,3.0,Alejandría,Medellín,2022-08-28,3.0,6.200303,-75.570937,2.0,950000000.0,Images/236234.jpeg,https://www.redinmobiliariamls.com/medellin/alejandria/1/236234
180100.0,51.0,2.0,Mayorca,Sabaneta,2022-08-28,3.0,6.256602,-75.575637,1.0,320000000.0,Images/236235.jpeg,https://www.redinmobiliariamls.com/sabaneta/mayorca/1/236235
240882.0,80.74,2.0,Las Palmas,Medellín,2022-08-28,2.0,6.227904,-75.566625,1.0,390000000.0,Images/236236.jpeg,https://www.redinmobiliariamls.com/medellin/las-palmas/1/236236
461000.0,89.16,2.0,Nogal,Medellín,2022-08-28,2.0,6.238005,-75.595597,2.0,755000000.0,Images/236237.jpeg,https://www.redinmobiliariamls.com/medellin/nogal/1/236237
66000.0,97.4,2.0,El Dorado,Envigado,2022-08-28,3.0,6.168826,-75.588321,1.0,420000000.0,Images/236238.jpeg,https://www.redinmobiliariamls.com/envigado/el-dorado/1/236238
100000.0,48.0,1.0,Loreto,Medellín,2022-08-28,2.0,6.256602,-75.575637,0.0,129000000.0,Images/236239.jpeg,https://www.redinmobiliariamls.com/medellin/loreto/1/236239
497000.0,75.0,2.0,Alto de las Palmas ,Envigado,2022-08-28,1.0,6.256602,-75.575637,1.0,545000000.0,Images/236240.jpeg,https://www.redinmobiliariamls.com/envigado/alto-de-las-palmas-/1/236240
589000.0,92.04,2.0,Patio Bonito,Medellín,2022-08-28,2.0,6.256602,-75.575637,1.0,450000000.0,Images/236241.jpeg,https://www.redinmobiliariamls.com/medellin/patio-bonito/1/236241
319200.0,62.57,1.0,El Tesoro,Medellín,2022-08-28,1.0,6.200734,-75.556554,1.0,450000000.0,Images/236242.jpeg,https://www.redinmobiliariamls.com/medellin/el-tesoro/1/236242
,66.0,2.0,V. Barro Blanco,Rionegro,2022-08-28,2.0,6.149152,-75.39476,1.0,390000000.0,Images/236243.jpeg,https://www.redinmobiliariamls.com/rionegro/v-barro-blanco/1/236243
716000.0,172.13,3.0,Laureles,Medellín,2022-08-28,3.0,6.240771,-75.598047,2.0,800000000.0,Images/236244.jpeg,https://www.redinmobiliariamls.com/medellin/laureles/1/236244
153000.0,58.0,2.0,La Doctora,Sabaneta,2022-08-28,3.0,6.142829,-75.611536,1.0,270000000.0,Images/236245.jpeg,https://www.redinmobiliariamls.com/sabaneta/la-doctora/1/236245
,57.0,2.0,Las Acacias,Itagüí,2022-08-28,2.0,6.176035,-75.609433,1.0,340000000.0,Images/236246.jpeg,https://www.redinmobiliariamls.com/itagi/las-acacias/1/236246
600000.0,184.67,3.0,La Calera,Medellín,2022-08-28,3.0,6.199676,-75.55517,2.0,1100000000.0,Images/236247.jpeg,https://www.redinmobiliariamls.com/medellin/la-calera/1/236247
250000.0,68.0,2.0,El Porvenir,Rionegro,2022-08-28,3.0,6.152263,-75.400298,1.0,485000000.0,Images/236248.jpeg,https://www.redinmobiliariamls.com/rionegro/el-porvenir/1/236248
550000.0,180.0,2.0,Loma del Escobero,Envigado,2022-08-28,5.0,6.16417,-75.57312,1.0,600000000.0,Images/236249.jpeg,https://www.redinmobiliariamls.com/envigado/loma-del-escobero/1/236249
159600.0,57.31,2.0,Calle Vieja,Bello,2022-08-28,3.0,6.323893,-75.548086,1.0,220000000.0,Images/236250.jpeg,https://www.redinmobiliariamls.com/bello/calle-vieja/1/236250
125000.0,56.0,2.0,Loma de San Jose,Sabaneta,2022-08-28,2.0,6.132954,-75.619291,1.0,255000000.0,Images/236252.jpeg,https://www.redinmobiliariamls.com/sabaneta/loma-de-san-jose/1/236252
265000.0,64.0,2.0,V. Pan de Azúcar,Sabaneta,2022-08-28,2.0,6.256602,-75.575637,1.0,370000000.0,Images/236254.jpeg,https://www.redinmobiliariamls.com/sabaneta/v-pan-de-azucar/1/236254
540000.0,53.0,1.0,Altos del Poblado,Medellín,2022-08-28,1.0,6.256602,-75.575637,1.0,370000000.0,Images/236255.jpeg,https://www.redinmobiliariamls.com/medellin/altos-del-poblado/1/236255
,51.42,1.0,Villaloma,San Antonio de Prado,2022-08-28,3.0,6.183478,-75.649442,0.0,165000000.0,Images/236256.jpeg,https://www.redinmobiliariamls.com/san-antonio-de-prado/villaloma/1/236256
750000.0,170.0,3.0,La Calera,Medellín,2022-08-28,3.0,6.256602,-75.575637,2.0,1150000000.0,Images/236257.jpeg,https://www.redinmobiliariamls.com/medellin/la-calera/1/236257
171000.0,59.0,2.0,El Rincón,Medellín,2022-08-28,3.0,6.206597,-75.601842,1.0,298000000.0,Images/236258.jpeg,https://www.redinmobiliariamls.com/medellin/el-rincon/1/236258
,48.71,1.0,Robledo,Medellín,2022-08-28,2.0,6.291107,-75.589347,0.0,98000000.0,Images/236259.jpeg,https://www.redinmobiliariamls.com/medellin/robledo/1/236259
424000.0,134.35,3.0,Loma de Las Brujas,Envigado,2022-08-28,3.0,6.15825,-75.571704,2.0,850000000.0,Images/236261.jpeg,https://www.redinmobiliariamls.com/envigado/loma-de-las-brujas/1/236261
242000.0,105.0,2.0,Entreamigos,Sabaneta,2022-08-28,3.0,6.153126,-75.620024,1.0,450000000.0,Images/236263.jpeg,https://www.redinmobiliariamls.com/sabaneta/entreamigos/1/236263
,73.2,2.0,Sector Los Colegios,Rionegro,2022-08-28,2.0,5.471549,-75.839872,1.0,450000000.0,Images/236271.jpeg,https://www.redinmobiliariamls.com/rionegro/sector-los-colegios/1/236271
227000.0,55.0,2.0,Loma del Indio,Medellín,2022-08-28,2.0,6.22732,-75.563742,1.0,330000000.0,Images/236272.jpeg,https://www.redinmobiliariamls.com/medellin/loma-del-indio/1/236272
207430.0,71.0,2.0,Aves Marías,Sabaneta,2022-08-28,3.0,6.256602,-75.575637,1.0,380000000.0,Images/236274.jpeg,https://www.redinmobiliariamls.com/sabaneta/aves-marias/1/236274
626000.0,163.0,3.0,Lalinde,Medellín,2022-08-28,3.0,6.211483,-75.566347,2.0,780000000.0,Images/236276.jpeg,https://www.redinmobiliariamls.com/medellin/lalinde/1/236276
,44.75,1.0,Boston,Medellín,2022-08-28,2.0,6.250304,-75.555462,0.0,165000000.0,Images/236277.jpeg,https://www.redinmobiliariamls.com/medellin/boston/1/236277
220000.0,90.0,1.0,Las Lomitas,Sabaneta,2022-08-28,2.0,6.172655,-75.587815,1.0,440000000.0,Images/236278.jpeg,https://www.redinmobiliariamls.com/sabaneta/las-lomitas/1/236278
283100.0,74.0,2.0,Urbano,San Jerónimo,2022-08-28,2.0,6.453247,-75.737814,1.0,335000000.0,Images/236281.jpeg,https://www.redinmobiliariamls.com/san-jeronimo/urbano/1/236281
,65.0,2.0,El Trapiche,Sabaneta,2022-08-28,2.0,6.143792,-75.622472,1.0,375000000.0,Images/236282.jpeg,https://www.redinmobiliariamls.com/sabaneta/el-trapiche/1/236282
248000.0,65.7,2.0,V. Maria Auxiliadora,Sabaneta,2022-08-28,2.0,6.153241,-75.606191,1.0,330000000.0,Images/236283.jpeg,https://www.redinmobiliariamls.com/sabaneta/v-maria-auxiliadora/1/236283
,52.76,1.0,Robledo,Medellín,2022-08-28,2.0,6.283917,-75.595061,0.0,138000000.0,Images/236286.jpeg,https://www.redinmobiliariamls.com/medellin/robledo/1/236286
136000.0,44.0,1.0,San Antonio de Pereira,Rionegro,2022-08-28,1.0,6.130986,-75.382776,1.0,200000000.0,Images/236287.jpeg,https://www.redinmobiliariamls.com/rionegro/san-antonio-de-pereira/1/236287
213400.0,67.19,2.0,Altos del Poblado,Medellín,2022-08-28,2.0,6.215732,-75.55684,1.0,485000000.0,Images/236289.jpeg,https://www.redinmobiliariamls.com/medellin/altos-del-poblado/1/236289
460000.0,144.0,4.0,El Trapiche,Sabaneta,2022-08-28,3.0,6.14421,-75.62274,2.0,795000000.0,Images/236293.jpeg,https://www.redinmobiliariamls.com/sabaneta/el-trapiche/1/236293
461000.0,117.36,3.0,Laureles,Medellín,2022-08-28,3.0,6.256602,-75.575637,1.0,650000000.0,Images/236294.jpeg,https://www.redinmobiliariamls.com/medellin/laureles/1/236294
370000.0,105.0,2.0,Loma de Cumbres,Envigado,2022-08-28,3.0,6.256602,-75.575637,1.0,570000000.0,Images/236298.jpeg,https://www.redinmobiliariamls.com/envigado/loma-de-cumbres/1/236298
350000.0,85.35,2.0,El Esmeraldal,Envigado,2022-08-28,2.0,6.172299,-75.568385,2.0,520000000.0,Images/236300.jpeg,https://www.redinmobiliariamls.com/envigado/el-esmeraldal/1/236300
,511.0,2.0,Centro,El Retiro,2022-08-28,2.0,6.256602,-75.575637,1.0,450000000.0,Images/236301.jpeg,https://www.redinmobiliariamls.com/el-retiro/centro/1/236301
110000.0,47.0,1.0,La Tablaza,La Estrella,2022-08-28,2.0,6.256602,-75.575637,1.0,185000000.0,Images/236302.jpeg,https://www.redinmobiliariamls.com/la-estrella/la-tablaza/1/236302
604000.0,142.0,2.0,El Poblado,Medellín,2022-08-28,2.0,6.212745,-75.5643,2.0,795000000.0,Images/236304.jpeg,https://www.redinmobiliariamls.com/medellin/el-poblado/1/236304
168000.0,56.69,2.0,Villas del Carmen,Sabaneta,2022-08-28,2.0,6.153814,-75.609959,,280000000.0,Images/236305.jpeg,https://www.redinmobiliariamls.com/sabaneta/villas-del-carmen/1/236305
294000.0,75.9,1.0,El Carmelo,Sabaneta,2022-08-28,2.0,6.154018,-75.624479,1.0,400000000.0,Images/236307.jpeg,https://www.redinmobiliariamls.com/sabaneta/el-carmelo/1/236307
315392.0,107.82,2.0,V. Cañaveralejo,Sabaneta,2022-08-28,3.0,6.144293,-75.622332,,495000000.0,Images/236311.jpeg,https://www.redinmobiliariamls.com/sabaneta/v-canaveralejo/1/236311
